0.997844 0.866859 25.901713 43.130521 78.139544 39.630934 9.481623
1.272237 0.618465 102.783567 59.947798 74.798074 122.095523 38.139408
1.674744 0.308203 40.938609 42.012402 71.086087 7.221756 33.371843
0.638255 0.416393 64.522624 85.654613 41.618234 57.008526 24.172805
1.053841 0.356396 89.558686 36.067864 2.050023 38.832239 7.224475
1.231189 0.562658 61.107575 6.706366 54.941301 118.368794 34.609139
1.199247 0.938123 80.789971 0.358891 70.736500 158.236758 9.356231
0.998607 0.920187 41.356652 14.249507 47.672660 6.753165 41.808086
1.299686 0.345027 41.478342 25.392256 48.157886 69.759296 3.439276
1.683384 0.948440 16.990259 73.635747 51.492300 43.723669 10.902638
1.717774 0.901530 29.826826 29.547261 23.565396 10.060469 8.906064
1.479769 0.544946 32.537803 14.593229 29.242919 55.624763 19.884232
1.141714 0.023948 47.893235 12.728476 80.457158 5.346539 31.546215
1.490220 0.513982 48.591174 63.907881 48.318616 83.128570 38.591362
0.871367 0.443083 17.110366 31.473205 25.860424 75.095458 37.760647
1.155475 0.855940 65.248051 51.770148 11.746399 148.649020 39.777024
1.070274 0.678252 99.229579 85.856968 62.938689 145.111928 9.032123
1.389053 0.932671 42.167664 35.731134 34.960797 19.316402 12.146655
1.609043 0.944518 43.607666 16.564585 47.059562 67.346766 9.621544
0.596024 0.432950 25.019262 31.007762 71.778442 46.942312 5.067388
0.934591 0.204779 71.653221 48.048459 5.841778 123.501244 3.680013
1.421119 0.359170 18.433312 30.646468 67.809812 21.749846 26.470266
0.583659 0.510581 77.772337 70.684292 45.673791 81.917837 24.613332
1.142936 0.673234 6.943682 16.347450 93.885710 33.808564 6.900345
1.413260 0.125822 100.319107 51.396810 74.914376 34.688143 8.969884
1.310378 0.718123 86.914568 17.498751 30.538713 121.220026 29.459502
0.587261 0.693773 49.356308 9.716293 34.566053 117.573325 22.391230
0.988638 0.083378 10.370091 34.393859 36.455177 108.176845 11.203004
1.342509 0.134621 53.000939 71.722551 16.531277 120.054263 15.741398
1.480661 0.103750 27.458642 31.881997 8.113446 32.043288 28.573698
1.592632 0.726893 34.993285 52.609384 43.529584 26.434556 23.243763
0.719593 0.785873 102.539033 4.232951 92.722702 45.916753 37.019727
0.511864 0.445615 91.938750 76.836926 3.618434 59.294905 13.317202
1.675506 0.937437 39.714552 15.289793 31.960464 12.859725 21.093555
0.804163 0.978583 52.441955 62.316735 60.606411 59.114027 40.760914
1.610488 0.776135 78.242665 61.298339 39.212677 143.904995 17.041905
1.537686 0.894121 95.678197 41.776052 90.919498 41.017442 32.307965
0.847475 0.048627 24.086749 65.673525 14.608801 39.178246 4.132123
1.262442 0.586848 60.853854 23.731155 58.971439 73.048088 5.201503
0.839868 0.897989 34.599402 30.741020 72.083476 21.097053 41.369731
0.910603 0.781159 84.681141 34.554534 5.704589 54.304302 34.877260
0.988872 0.602400 73.446701 71.674694 77.708020 103.253032 25.140089
1.732253 0.133400 47.675361 72.875952 79.956749 88.613978 25.723835
1.356428 0.791771 31.581433 50.624363 45.072840 14.894159 4.841752
0.912006 0.251360 64.025125 1.272111 33.680892 17.113301 36.484326
1.314020 0.617737 17.133263 9.288765 55.658154 127.337718 40.787079
0.593703 0.291567 65.983097 31.796920 36.632955 69.048394 40.492929
0.909925 0.064095 24.213066 28.595198 21.986312 108.911209 12.277448
1.254216 0.175515 15.362559 63.167783 46.091531 150.919233 17.799701
1.652795 0.773831 32.746905 40.596433 58.534398 111.932615 13.241048
1.083695 0.881918 27.356780 50.470853 73.513326 60.637144 21.692759
0.748920 0.630747 72.618053 19.077773 93.714854 156.175471 28.999425
1.444236 0.235731 25.551147 28.987045 22.487736 17.378718 21.537734
1.309375 0.780144 46.605074 72.214836 9.423648 35.196345 10.170605
1.606002 0.094188 45.358788 56.656368 19.441650 111.711278 26.806820
0.517287 0.006153 61.879975 84.141065 91.000955 65.871016 32.646675
1.755571 0.998912 73.762233 51.203460 5.473272 63.209942 40.522972
0.685460 0.217660 72.280631 40.261148 95.812548 155.611381 33.301820
1.620631 0.575214 90.100873 19.709064 96.932396 86.339040 30.338458
1.340303 0.269229 97.733720 58.107747 65.706430 62.130110 44.072691
1.294193 0.951103 57.423011 17.965285 88.947227 95.068055 13.347669
1.693742 0.144831 52.781712 37.840098 46.719207 128.093084 41.699414
1.041240 0.850827 91.663015 69.324060 26.119202 82.051839 45.590769
1.354920 0.170325 87.986255 79.379591 17.891370 8.564990 16.543587
0.807737 0.153799 17.915309 83.529338 86.484655 72.477152 44.699903
1.342149 0.179493 88.417060 66.679523 63.394558 30.718132 15.953575
0.758615 0.786187 59.916491 55.080127 87.440126 124.957265 46.874767
0.471131 0.199601 44.350300 46.494167 45.332537 150.553951 34.640588
1.483847 0.278842 56.355067 43.350319 80.698675 55.541854 7.382292
0.565576 0.277459 98.917367 84.839160 63.099034 106.423767 19.775752
0.656732 0.667594 28.243715 60.940564 3.146472 113.854090 18.438805
1.320050 0.061452 8.145894 68.030465 27.769904 66.767110 39.331807
0.946171 0.472879 58.946577 43.194782 88.521691 155.382578 26.981652
1.126849 0.479865 72.719247 49.700984 6.421098 92.723376 35.514000
0.780605 0.795240 74.458558 34.373564 36.973428 76.166926 7.325788
0.722078 0.997111 88.890732 19.837857 95.993936 123.073154 16.129189
0.681788 0.053354 104.101338 10.254644 75.815633 85.165025 39.291817
0.790487 0.013453 13.266199 52.890682 15.350277 50.415795 45.964570
1.148199 0.268147 78.381234 12.617101 49.469711 90.834522 47.084072
1.098619 0.132371 29.851805 27.270820 79.359235 90.936891 5.605705
1.212698 0.522701 48.656487 35.016481 93.585212 57.983982 27.819597
0.872874 0.887463 98.932227 11.634726 43.185575 38.034548 32.194368
1.666763 0.216576 20.085930 9.829438 46.362062 150.306995 37.962135
1.112996 0.271252 10.739955 83.259765 51.590829 142.729148 36.328438
0.594677 0.102165 24.491540 67.232016 19.688275 24.282115 36.772232
1.197028 0.553781 76.310336 76.569683 78.045430 83.027965 25.591083
1.463072 0.940704 69.923257 26.555508 19.853687 20.386785 15.185557
1.075115 0.407171 22.577056 12.136627 43.431097 37.361545 43.466390
1.099829 0.814647 15.558163 21.598500 9.373748 130.410221 44.608788
1.462386 0.491899 46.464854 28.381870 69.448051 2.620623 5.127271
0.935170 0.306702 43.170944 84.790417 36.111516 112.972263 30.038363
0.502542 0.514172 53.018194 25.048860 58.357690 79.807538 12.684327
1.021191 0.040441 14.267839 34.718004 70.082285 16.865804 44.166839
1.660957 0.622591 47.699131 73.106211 38.735036 147.076659 28.710434
1.367441 0.038427 78.147054 0.258857 35.698670 102.765378 11.996867
1.417125 0.762631 23.384597 69.827733 43.395416 160.131144 15.657431
1.108253 0.192500 37.154218 49.800342 65.317332 58.745474 44.046558
1.130486 0.314212 101.855372 65.045356 87.668650 5.430524 14.348698
1.161877 0.764266 97.250672 50.080003 86.381278 57.712752 14.927709
0.556518 0.654493 9.689978 11.157519 33.297861 94.099005 23.002008
1.306596 0.342362 82.755802 19.141928 18.348546 133.221447 17.259530
0.798547 0.913200 9.063412 48.954954 64.386902 64.145120 45.561702
1.178678 0.090530 7.122847 82.247187 78.363835 25.758073 47.340457
1.219255 0.626875 23.881075 1.195659 89.715065 51.655892 23.975239
1.139301 0.469980 101.457538 60.790907 50.509559 44.878023 35.859613
1.544886 0.800190 46.986957 1.431392 87.254804 52.522457 19.494613
1.146837 0.555511 34.152239 41.079487 4.571722 21.824408 24.107848
1.525329 0.722362 7.082390 3.312273 34.391338 61.332288 12.210565
0.808883 0.485425 99.310099 81.627590 63.273483 124.351523 18.924312
0.866096 0.243049 66.754033 47.525159 62.712964 64.628532 16.749351
1.206674 0.000357 92.432375 42.639606 75.374886 135.083505 21.736155
1.233610 0.016351 60.823644 1.378895 61.412875 61.967363 41.725270
0.660533 0.389327 22.123844 37.723815 23.264636 9.489971 10.096205
1.380031 0.122623 31.286253 5.529007 74.122771 113.609395 14.488274
0.577564 0.398595 79.312383 45.982529 72.312867 6.938805 46.000580
0.821547 0.934672 42.779377 68.675683 48.618503 155.899428 34.732866
0.797158 0.127195 57.577764 28.051175 73.272354 82.944365 39.390199
0.927723 0.297013 100.593376 13.439204 53.071951 53.962844 16.365226
0.921857 0.729033 98.518619 64.152599 71.692461 41.249272 5.298140
0.936760 0.836023 15.046231 40.168582 26.319367 67.535804 7.704685
0.698061 0.715281 69.592904 5.421273 50.815432 79.111228 19.326607
1.765257 0.419265 73.511922 6.355644 15.405089 11.935575 22.004511
1.543050 0.620159 71.973675 24.492159 49.211777 20.520866 36.718856
1.197853 0.456188 43.773253 46.120538 33.951577 63.148471 20.823291
0.577336 0.036523 61.485983 11.279324 36.194426 83.374122 44.015410
0.859002 0.383315 60.226460 12.219214 31.382974 146.722602 10.749582
0.949985 0.327444 65.808456 30.587244 81.665729 143.504965 13.123552
1.039308 0.119173 96.012357 5.094588 73.447041 92.522271 12.040021
0.492016 0.790405 22.894411 73.461007 23.774668 59.618034 25.394521
0.885900 0.668750 33.020080 15.809939 51.205437 26.616460 5.381871
1.357338 0.757078 88.187247 63.503632 33.892156 150.489399 24.906332
1.738626 0.739954 92.154485 65.580340 32.307279 42.081487 11.571591
0.940358 0.110170 89.432175 23.117225 21.152957 115.793703 8.083167
1.281405 0.116357 25.316056 54.648275 57.680044 128.785776 18.374588
1.323175 0.942418 88.692798 60.036961 24.599758 116.245042 7.155663
1.725380 0.442088 51.858419 5.696604 6.660947 67.100961 36.408050
1.126172 0.535434 39.601764 11.859630 50.207670 9.779233 7.063431
0.677247 0.521043 97.652748 24.345984 65.035026 130.166069 3.609531
1.195067 0.847379 22.512281 39.735366 41.462549 79.371769 35.215879
0.920532 0.683868 17.557126 40.795344 9.026068 56.727293 42.631676
1.777140 0.224115 60.646293 15.503605 12.794379 106.231809 20.719632
1.726533 0.704308 7.243750 4.848526 21.739324 41.547388 25.842295
0.668077 0.538042 14.503128 7.058615 30.269770 71.915513 27.492474
1.446183 0.977909 76.613305 83.312444 81.994235 87.706973 11.161595
1.639984 0.354060 10.226207 51.896427 94.304143 91.470541 23.333801
1.094840 0.004926 14.690558 60.170346 34.070967 153.220596 10.368032
1.155076 0.542331 58.804781 11.793623 62.319389 103.885437 27.389656
0.585330 0.672517 37.308864 43.074858 1.016804 3.008254 28.491682
0.518641 0.497295 96.264702 10.746522 61.625675 58.162714 47.441228
0.590575 0.245963 27.883427 3.444086 24.704957 90.207959 17.352637
0.916501 0.273945 91.573581 13.280645 59.836308 129.526906 31.642650
0.995405 0.854114 29.720265 53.638009 26.116345 5.647042 42.960091
1.604987 0.492817 81.734714 31.697083 86.295043 29.855165 37.484365
1.351591 0.628849 13.674946 52.205295 65.913631 47.493816 31.081127
1.202592 0.842707 94.301477 4.365231 55.337289 94.749350 4.460357
1.151453 0.550965 53.178776 17.416563 66.830034 122.358874 30.475827
1.587918 0.195890 53.641589 1.796751 44.467349 109.872356 21.863204
0.525041 0.635271 76.724153 12.253327 72.791614 138.804060 35.148940
0.472717 0.812736 62.167139 77.654957 38.029309 128.010613 31.197568
0.665934 0.639141 12.863320 31.973619 80.075840 56.047247 21.255879
1.735464 0.772070 99.341374 70.841040 78.974237 114.161956 4.302490
1.651466 0.517734 79.435865 84.057896 80.965293 31.634044 40.147728
0.718444 0.643949 76.542109 36.322617 79.804917 31.844766 26.672139
0.905194 0.620000 105.885852 47.149600 70.238379 104.980623 34.787447
0.956986 0.929598 8.616521 19.478231 24.280835 101.946308 7.589927
0.974519 0.984888 74.019463 26.084721 60.251211 22.838760 11.836809
0.488902 0.427603 86.792724 14.833401 66.685007 11.280716 11.051480
1.678966 0.666609 86.545910 71.327619 60.015138 123.203233 15.410397
1.663788 0.399107 90.157709 74.942564 54.846259 134.760136 38.479933
1.201859 0.632215 13.089870 33.092441 66.700157 53.716216 8.591817
1.351982 0.003763 25.651002 29.906280 96.902833 61.402913 21.484471
0.765744 0.303055 75.996137 15.729161 29.084066 145.812461 16.078010
0.966433 0.484023 78.345760 49.221239 72.744583 157.430840 16.202173
1.585823 0.106868 54.515267 14.921566 29.502821 101.589866 26.521584
0.548867 0.746580 21.343503 8.295304 11.392976 111.216694 13.813955
1.474906 0.050588 9.284593 5.483451 91.893489 139.958723 7.273496
1.531923 0.824001 95.503673 19.920629 52.095474 51.495328 18.690953
0.878912 0.250340 94.974025 30.810142 5.566626 50.486034 27.940185
1.695928 0.293941 42.510985 14.407180 16.781666 26.068849 32.496411
1.223553 0.405202 11.201902 69.023989 49.994599 91.157594 30.144127
1.219972 0.361638 34.849683 62.698941 61.682261 81.362618 46.079725
1.170053 0.912991 28.210929 7.838172 81.423614 94.697327 43.926591
1.373999 0.415120 59.433187 38.238248 26.452238 147.941640 7.015723
0.703496 0.319355 62.941117 15.968358 5.254236 69.766311 11.652946
0.741369 0.701488 38.443205 35.953303 26.225757 116.695487 33.815683
1.168086 0.665174 42.887097 80.884013 85.462386 42.907380 8.624704
0.669985 0.796399 30.325046 5.797511 92.618905 81.347559 34.821465
1.363071 0.636415 89.978426 25.188488 56.417888 47.664626 16.705728
1.638865 0.753824 31.454016 25.437906 95.550583 146.547614 30.409606
1.006768 0.156855 81.500301 24.715852 31.802626 112.851238 25.260658
1.242429 0.171127 6.817596 36.859582 51.281978 30.042166 28.532586
0.800173 0.784229 84.386139 20.303825 66.912430 37.231241 5.924241
1.244430 0.174588 26.098139 31.036097 81.550711 46.417894 21.936893
1.149680 0.925901 40.247307 51.672687 13.281124 28.845198 45.152203
1.322628 0.142059 103.999790 20.911215 18.832724 139.754424 32.626592
1.756941 0.418962 102.851916 32.715236 38.838382 18.441525 24.501419
0.784906 0.916453 102.981831 46.593682 45.564129 20.696337 47.292960
1.426241 0.063211 74.889486 68.840610 20.254028 12.281521 45.330781
1.534342 0.737145 92.649358 20.217487 63.739429 65.624116 31.008608
0.933311 0.272365 37.883471 50.281042 6.808716 152.043347 35.426350
0.481788 0.112090 11.787145 39.113333 60.803064 136.537902 44.797388
1.687677 0.756414 32.263182 84.216479 63.623398 155.220600 12.065734
0.514261 0.641946 29.231620 80.671185 67.704192 136.855909 45.639440
1.699555 0.121214 53.467709 65.803660 24.073931 22.013234 6.766771
0.634934 0.740140 83.263242 58.769396 34.430847 139.297378 12.511083
1.701903 0.692390 88.398555 23.419030 69.795872 55.396663 21.786723
1.259483 0.169897 92.390982 56.299088 53.069181 84.244057 23.077386
0.664624 0.843880 90.611231 54.794682 91.072205 15.124694 25.349449
0.531419 0.985512 88.029057 2.081407 59.563937 111.077964 27.981344
0.514931 0.713030 79.491924 57.332640 54.184869 148.386907 17.200833
1.681705 0.533374 22.368308 17.706763 33.469126 99.622247 10.652977
0.829726 0.254159 73.291968 71.088599 9.297430 97.674296 17.153633
1.627727 0.504026 78.597926 72.785136 8.233254 34.624967 23.435839
1.258062 0.952168 98.628097 65.454696 62.528093 6.619530 14.417637
0.861864 0.528184 78.945981 69.924379 2.716249 117.301884 33.119852
1.391119 0.949609 59.758278 11.929263 87.975581 84.774398 45.386872
0.648343 0.238257 65.580646 25.918465 75.910878 74.151380 16.609356
1.767557 0.838088 91.862522 3.543772 81.317827 9.124903 8.457528
1.586683 0.258218 33.245724 66.102404 53.181090 95.921637 26.947629
0.476209 0.163073 26.940769 13.488309 15.580292 54.396416 43.759383
0.740802 0.215319 56.644760 76.494444 81.901439 30.632720 6.300760
1.521546 0.483601 56.845639 47.641156 40.746672 14.114213 33.904638
0.929436 0.853293 97.032929 51.324541 70.296445 88.529879 22.435735
1.267570 0.919936 63.285583 78.985839 84.436732 140.623039 25.790055
0.848619 0.430968 83.361960 46.967687 50.718425 88.334225 8.672288
1.102095 0.883887 59.692488 62.116272 62.399903 141.647540 4.709014
0.901637 0.412770 99.856879 49.184019 15.865839 143.313107 38.260139
1.091464 0.451526 83.071053 13.601737 22.789909 39.905073 30.611679
0.541793 0.194159 30.594176 51.879420 43.895479 100.039208 18.869631
0.763879 0.789151 33.522207 17.008979 74.466520 67.402695 32.539007
0.860483 0.611536 41.038002 32.454179 36.710454 13.951562 18.539022
1.519203 0.455198 80.367707 16.900440 27.871471 98.219914 7.482286
0.840739 0.420423 90.515935 55.944120 85.719330 53.561297 43.254424
0.707510 0.543194 40.860870 47.936190 38.915647 40.048193 24.407084
1.158510 0.663970 84.780121 15.010984 37.498667 62.859823 36.665922
1.580799 0.101526 83.483784 10.935258 19.982127 26.163035 44.363664
0.836983 0.240141 9.426534 24.803503 46.519540 104.760376 16.773623
0.890304 0.993482 37.578787 74.703676 39.626089 17.957150 17.859772
1.365652 0.247987 21.154402 76.369367 95.684779 159.404707 11.218500
1.485164 0.500836 83.104607 85.472241 19.340585 131.201523 46.610172
1.583042 0.536020 25.466315 33.441318 94.535642 71.586079 16.664755
0.853990 0.807040 6.349600 4.615593 96.452476 8.761128 7.126077
1.722183 0.917764 8.467074 83.636541 12.140313 75.888686 23.859754
0.563739 0.115467 53.602410 59.383808 60.764740 39.678716 18.506510
0.533988 0.447507 86.688608 81.319049 17.534175 120.806943 39.610945
0.538543 0.404751 71.397918 45.301228 10.948328 137.336166 10.635938
1.496345 0.968680 18.946352 13.171823 40.648937 159.998907 42.824473
0.755760 0.197078 39.144041 40.872184 71.191308 107.392216 33.491360
0.570241 0.958644 72.760757 49.369278 79.343232 36.848888 22.779644
0.973469 0.822146 59.193960 18.339579 47.777868 95.280403 19.066862
0.651684 0.366554 40.365309 25.266193 55.532820 77.217077 38.049685
0.556047 0.779426 65.064046 77.789308 27.109372 96.916795 38.533274
1.011765 0.743074 47.280087 54.849060 13.890867 87.397352 7.988546
0.810656 0.460777 99.595969 54.384046 20.884314 11.651665 31.866299
1.472199 0.464251 52.244518 53.241224 24.111333 136.685004 7.731498
1.189675 0.257823 71.715253 6.935208 54.805187 68.174092 24.381937
1.124216 0.406048 63.624818 83.878024 29.920123 49.129670 13.544295
1.353649 0.802896 45.738435 82.009264 92.036073 34.217447 44.280075
1.653590 0.691359 70.932506 66.119347 38.648928 4.586626 15.444340
1.709096 0.071639 102.294258 50.420921 84.205547 16.672264 6.689175
1.377743 0.750335 14.115928 45.367106 85.662440 67.763923 43.024621
1.524246 0.819748 32.194991 44.607590 51.060224 157.260305 25.527173
1.611706 0.846054 98.828934 76.767326 49.789977 10.345068 39.964056
1.274213 0.007463 63.110588 24.833724 73.692231 78.407717 13.987373
1.023418 0.232295 46.285716 25.678718 82.799263 121.446615 41.347014
0.614025 0.587796 32.558883 85.014340 32.202377 158.508879 4.003118
1.367297 0.376538 43.414124 59.854642 68.297185 44.260854 36.825593
1.607435 0.741175 87.106635 24.242226 68.764085 65.964490 10.439215
0.672357 0.871176 16.775508 44.794193 81.227980 25.064788 23.390748
1.326025 0.714647 36.443042 31.159298 95.419270 107.762216 38.200532
1.165470 0.260285 46.144229 2.277603 85.243542 46.884927 37.172294
1.404485 0.923458 17.339601 79.582158 49.693041 114.459419 11.560389
1.215642 0.723508 96.535871 47.799144 67.368067 135.127185 10.777608
1.069684 0.671680 27.166983 55.863379 97.129054 61.020830 11.856374
1.380452 0.476019 98.237109 20.523370 84.500160 90.178890 26.047484
0.768540 0.065924 75.646978 45.245355 36.911518 75.521795 36.569740
1.716373 0.289999 102.698245 54.422452 1.295784 145.958737 39.141734
1.613186 0.026324 80.394773 85.697613 65.971880 69.593567 33.972609
1.191741 0.301976 79.679448 83.072756 8.998331 98.669309 13.918295
1.710161 0.011763 62.410216 49.417597 60.466767 73.431869 8.314714
0.691611 0.051929 70.670206 21.132740 25.314022 132.336161 11.382191
0.682771 0.676954 66.643254 25.785554 30.777687 115.119812 17.517952
1.395653 0.470112 68.580032 28.443871 56.857083 109.212250 4.813956
0.896387 0.304416 39.012724 59.707796 45.886729 127.810307 45.214601
0.498241 0.546348 67.116348 46.313268 90.120936 112.270664 16.322200
0.789472 0.703969 101.585181 4.786569 4.785495 32.117122 20.544446
1.454616 0.015931 59.282148 81.022941 35.881252 69.334681 33.087008
1.658061 0.284750 48.855226 82.892672 94.451331 99.235654 38.904954
0.663748 0.664075 104.919675 79.899267 82.349788 53.105002 13.596691
0.975804 0.637462 28.961856 58.963670 67.304216 11.016758 36.656466
1.670108 0.556141 15.208724 73.913326 47.094944 102.247280 28.269789
1.067364 0.253132 74.604021 58.531213 42.250222 102.638685 5.632933
0.679090 0.180944 6.721137 40.724807 84.153930 24.202451 15.322268
1.567650 0.434282 19.471354 17.879058 2.885722 149.470934 5.566173
0.500596 0.423498 104.711925 12.458855 32.244339 151.762535 46.305762
1.517406 0.862551 58.477968 36.453598 85.831869 132.436301 5.049620
1.009060 0.298296 41.993684 80.724452 54.559787 23.881626 44.152462
1.029891 0.616330 88.772744 28.923715 57.597540 138.314440 46.175524
1.291118 0.980812 87.402448 6.501001 8.629549 12.526938 18.095525
0.982148 0.893107 105.707058 50.220027 25.047555 149.029876 21.447657
0.622807 0.798256 37.201815 17.313506 52.222369 134.422658 16.020511
1.338349 0.393952 41.913258 16.675880 14.300652 154.973700 23.729556
1.435226 0.086161 74.991929 57.807951 25.786541 139.843452 27.194349
0.838792 0.481094 58.292038 26.181218 94.796803 161.459883 14.314455
1.032158 0.198449 41.108838 32.877066 68.569183 112.660210 18.480666
0.729856 0.165491 55.919844 36.702676 30.582914 122.396969 22.584576
0.516672 0.299032 93.847783 57.853943 52.494819 7.932894 40.676301
0.942135 0.355537 43.243556 34.031090 32.520826 19.620152 38.249983
1.324784 0.329348 82.951038 83.355964 30.293518 144.339019 19.689128
1.422875 0.558279 104.453580 55.411570 82.554340 2.709379 12.350707
0.736772 0.390516 101.133142 67.881859 66.448461 142.532747 42.781659
0.513087 0.029656 85.573660 77.194761 9.944049 33.488696 14.702270
0.537185 0.085228 39.784215 4.211915 48.864840 15.824474 5.410541
1.081615 0.046500 60.360116 86.087717 33.759479 70.706416 35.757148
0.823179 0.966417 89.880738 63.534022 61.213009 135.317846 47.140435
1.575462 0.206063 85.834962 51.524665 48.420514 94.315393 39.717677
1.301660 0.371111 100.199760 2.866961 26.834749 139.190069 41.309414
0.904804 0.697182 7.964066 48.613006 94.183824 31.221711 46.211007
1.390815 0.159901 14.551857 4.025269 1.540198 6.026899 15.813356
1.143765 0.480390 63.885215 55.725428 13.560401 129.191355 8.147733
1.145550 0.454371 56.528121 59.238085 94.691741 96.231304 14.577196
0.889143 0.231490 72.067291 63.621886 92.164210 47.968971 44.495117
1.179534 0.334970 71.276206 37.783964 60.918542 139.485671 4.427786
0.990148 0.274360 54.477052 6.158945 14.726773 30.397677 43.365733
1.508146 0.239971 40.132897 68.172587 7.223588 9.018143 19.657672
0.521868 0.265599 93.168761 32.573011 13.579117 11.032899 45.758419
0.747006 0.803817 34.335389 28.775799 55.915351 44.724288 21.015049
1.088766 0.067684 47.326191 75.205259 43.711638 74.478065 37.619863
1.034906 0.338670 27.339137 15.913973 77.253868 45.081519 24.044930
1.104844 0.689574 44.015655 67.550594 21.637909 54.663763 34.963153
0.908378 0.910625 92.741629 74.807392 6.148527 17.265207 35.868161
1.015831 0.384592 87.807698 20.125358 12.974597 6.095922 18.835775
0.986095 0.564096 68.318921 2.546006 11.035767 68.783277 17.071961
1.469175 0.322217 31.748653 38.555408 84.615384 42.653814 33.441302
1.529560 0.774619 48.707868 37.004379 10.079964 57.090406 22.666724
0.969115 0.068574 34.032945 60.412441 80.566650 60.835612 47.033866
0.688795 0.488767 67.528571 19.390883 33.639289 160.739658 23.229164
0.543875 0.213944 95.810476 14.725940 69.191443 15.968160 36.987314
1.386625 0.501893 49.800788 23.911713 23.100262 31.520735 14.160127
1.251674 0.891351 87.273792 77.113017 81.617458 11.386635 27.844179
1.286637 0.584274 18.192915 5.867426 23.210752 80.318664 5.473282
0.917194 0.686637 58.335148 21.541562 69.689297 62.441343 4.600128
0.616579 0.580256 40.420844 8.648258 46.632963 98.866085 4.047498
1.581102 0.915804 36.346888 20.988274 63.994190 10.810864 23.467576
0.720231 0.181827 22.145824 56.095860 88.713537 151.064922 23.801052
1.429891 0.709202 46.560246 40.155667 96.173148 85.394894 34.907688
1.741268 0.988988 104.216964 39.381699 22.860235 48.574546 18.621409
1.175289 0.928274 37.846533 86.183176 42.545008 119.945104 33.412393
0.913877 0.874087 94.023587 65.278295 53.423208 9.363073 26.457307
1.418312 0.099987 50.339882 69.460389 17.402058 2.346880 31.810364
0.744649 0.410426 31.758625 38.013528 78.618144 156.411173 6.600421
1.492042 0.076069 24.649283 33.228701 63.184730 148.022720 45.461941
0.614930 0.820962 61.162657 2.609458 25.062638 130.549246 12.185722
1.647083 0.109882 100.018774 79.262337 2.822785 89.824399 20.261322
0.825024 0.276260 87.092856 2.775578 26.705964 8.836217 41.538438
1.184635 0.650367 28.875710 53.541191 75.136810 137.154868 41.125339
0.900502 0.860001 52.357197 70.166639 10.437902 45.589947 13.457415
0.962665 0.751797 23.217855 78.135551 64.509209 144.716192 27.084630
1.373386 0.002239 101.707289 71.561478 77.698097 147.314650 18.754989
0.520360 0.059278 68.172648 43.365715 46.289801 66.582396 27.450714
0.554764 0.097002 30.235825 79.204278 8.744232 50.751727 22.093671
0.803280 0.648118 19.804155 31.446043 30.023420 61.175105 10.312736
1.055879 0.148553 88.961731 68.723710 51.392430 146.095609 43.596843
1.682150 0.096845 49.496931 84.384991 49.612480 121.889955 32.786282
0.629728 0.950412 69.322569 26.992324 19.458446 72.255829 19.049486
1.271213 0.182019 46.019278 54.624173 55.270307 161.768955 33.710244
0.855210 0.178066 70.202707 21.112898 68.006176 48.165494 45.699250
0.931014 0.369548 79.921249 39.826833 40.317535 69.126294 7.856476
1.245960 0.292025 20.979417 38.010310 35.216735 123.889470 17.756794
1.576082 0.459877 27.585664 83.121467 50.075622 17.551007 46.824002
0.701785 0.512005 20.440923 72.082274 57.997993 33.680149 28.675356
0.856464 0.436571 10.614596 73.377527 84.283165 95.533382 42.358699
1.172864 0.681683 32.009707 35.245256 67.500654 128.892399 40.701585
1.229940 0.953784 72.955338 70.596432 87.473467 119.747173 20.414254
0.536383 0.612610 98.159333 82.349359 67.603377 15.430012 22.955439
0.809764 0.568106 54.011970 28.268856 5.035554 68.591041 43.156813
1.371355 0.583767 62.259313 61.758480 96.798867 132.847192 17.733334
1.227327 0.280812 97.848821 43.739649 76.479371 132.953484 29.600937
0.749161 0.082820 79.599367 37.497776 36.765233 105.896084 37.782479
0.544866 0.034316 80.272321 66.759999 83.026779 41.705745 41.416494
1.401003 0.325794 63.510928 85.271746 29.484083 96.404726 22.910783
1.089941 0.705635 67.201218 61.658270 71.541602 132.616721 46.758786
1.673347 0.596801 93.581566 77.951209 10.207423 56.207998 6.967453
1.431602 0.661007 93.778883 10.119222 28.770051 103.558107 23.648869
1.396365 0.519675 36.916890 42.712002 20.752367 78.833525 26.113067
1.547807 0.532448 77.399472 13.909549 8.369219 112.500643 35.819243
1.552031 0.499908 73.249472 61.411395 45.511787 78.089161 24.274935
0.684624 0.360415 23.600056 23.864703 92.488353 148.837122 24.017794
0.643568 0.438259 94.422225 82.917739 63.443112 124.980101 24.242930
1.540850 0.565702 85.787377 74.436991 57.911810 89.347051 13.298644
1.000852 0.237771 45.642795 44.900197 57.399750 13.330098 21.136014
0.523109 0.716955 84.064243 10.653950 76.691245 52.052090 18.145532
1.136409 0.801060 48.042144 13.845441 96.321003 91.524075 26.069043
0.926171 0.529479 23.466013 35.138029 8.842930 80.834053 28.849556
1.498215 0.813756 59.357439 79.508515 55.791784 13.726208 26.217446
0.922269 0.645128 86.105104 50.825248 40.981029 48.451468 28.404792
1.327499 0.652498 94.332963 78.340044 16.942398 36.701636 26.285657
1.209827 0.960889 8.277515 84.611828 68.696953 49.551301 15.476548
1.450761 0.566760 91.379766 72.666512 52.651057 32.515631 47.395597
1.630243 0.140798 15.711649 55.334207 34.690771 141.934757 15.342528
1.635209 0.208717 66.494602 45.085111 7.980740 27.142677 40.180895
1.570313 0.766076 66.192383 44.470341 92.793965 92.980203 33.178067
1.033490 0.931742 52.603718 29.770701 76.163391 97.062167 29.375815
0.795241 0.045737 101.186102 32.042754 46.849301 149.371299 46.352118
1.427186 0.493317 6.507335 45.862974 64.889207 135.716144 19.736969
1.457052 0.621804 60.980853 78.902062 31.901251 46.739227 22.735107
1.560507 0.570645 42.990150 42.772204 54.311984 133.152777 7.578397
0.529295 0.386282 82.357037 34.643476 27.640189 57.581450 12.788368
1.714810 0.720612 33.880055 49.964482 40.470921 114.279735 37.248292
1.513881 0.793508 96.685540 7.718561 90.209766 76.396757 44.659846
1.183311 0.594725 23.257000 74.373468 79.575585 33.023965 41.664640
1.278347 0.332208 13.982298 48.392068 96.422258 110.952502 14.381144
1.700977 0.441677 57.666598 66.514757 50.385651 7.375687 47.488663
1.182500 0.129760 59.958371 37.232184 18.991360 90.419005 23.304577
1.265089 0.537723 82.084786 38.524127 5.436369 82.411210 7.921616
0.823729 0.191305 19.826817 75.526354 41.800134 101.128590 19.554975
0.884178 0.166752 35.135966 9.577369 37.190795 38.883138 3.375550
1.268669 0.495548 58.186631 68.914508 20.615779 88.207095 30.208559
1.577072 0.921708 51.560905 5.308423 2.101728 87.615047 45.414092
1.490923 0.281089 98.670578 69.254665 37.941494 28.922454 26.769362
1.603746 0.177805 30.857436 30.273847 58.799234 119.162376 21.014339
1.115201 0.613267 20.820176 32.154658 54.353713 21.173818 47.075086
0.700554 0.593631 106.368732 18.625043 11.126813 20.296959 31.452738
0.938182 0.055941 51.724783 84.477874 83.111966 41.420000 36.278906
1.590146 0.145365 77.585978 7.984354 59.812780 92.375118 32.339911
1.770804 0.888424 91.130336 57.567948 40.143217 154.532090 8.409019
0.676026 0.857324 34.162165 1.572011 59.477857 74.009751 29.686438
1.669223 0.685592 54.292681 24.014730 4.618866 119.261255 6.109786
1.530470 0.534553 20.348107 43.667485 54.003128 145.533421 7.523436
0.625617 0.009893 11.382929 72.994644 85.171259 34.926459 45.101019
1.057037 0.042958 89.048499 58.876300 57.430682 22.545060 10.231746
1.495226 0.344757 53.236384 43.824612 76.852459 67.864212 43.423857
0.846830 0.494883 73.956344 58.234755 90.397559 24.920778 45.886725
1.384505 0.326914 8.298068 52.369647 4.902693 130.714248 17.430467
1.642570 0.477902 49.096824 83.699828 11.561439 105.811178 40.093220
0.970436 0.131043 59.602550 52.969297 89.299573 103.676986 6.476893
0.931903 0.372774 67.712176 30.072399 72.576353 106.782306 45.059436
1.600754 0.605200 55.176066 50.881401 33.437748 82.571520 9.235433
1.120570 0.996395 37.691578 26.725099 61.854016 93.546767 28.035517
0.510054 0.994664 75.169034 0.514009 28.719683 28.324084 23.145335
1.773824 0.911228 45.195331 60.500174 94.807172 24.511139 40.976352
1.634028 0.903171 71.519191 78.358134 14.477531 58.502118 29.558041
0.547097 0.818206 16.891408 49.479506 91.198590 33.108657 47.540450
1.442222 0.863989 50.906949 18.424918 64.624969 62.244232 24.457069
0.753449 0.690136 38.584533 75.396614 87.825051 21.393144 39.544713
1.493140 0.256406 103.084886 45.465917 64.735216 13.242799 29.425320
0.635214 0.014943 81.673567 27.207389 3.773068 140.104696 20.913343
0.526885 0.413647 94.739247 68.005313 72.400392 78.507216 21.232292
0.816636 0.518562 81.070651 19.251759 44.842355 66.104224 37.875201
1.555734 0.811963 35.617497 6.836218 69.912502 31.106299 36.128448
0.977267 0.898075 17.213709 37.265159 82.332016 43.490299 25.866970
0.694780 0.787006 64.090578 34.873089 84.813515 98.896721 10.700178
0.644621 0.380636 62.077437 38.705467 91.723557 108.647508 35.716487
0.503879 0.603031 95.822375 78.772686 75.241957 3.316355 44.751904
1.081963 0.294819 30.697313 29.604151 25.668233 3.536261 29.098453
1.100877 0.143791 19.263918 67.185545 42.770752 49.405450 13.097486
0.787261 0.744491 75.110356 48.707930 10.511324 37.864300 31.966901
0.547601 0.856749 95.216830 32.988010 37.853357 18.694082 9.922799
1.502071 0.230132 54.316509 48.240790 78.862208 95.416504 20.241355
1.332783 0.970997 46.882852 74.883842 39.979861 90.573382 29.178325
0.830468 0.954943 45.945680 64.100915 41.191942 46.219390 40.626148
1.643890 0.752676 13.126127 74.238568 83.813530 127.623704 10.983544
1.509622 0.725615 37.496092 18.133326 75.528378 19.763571 3.581298
1.439623 0.579178 13.443602 46.251956 13.832353 127.141085 42.500945
0.551795 0.851518 92.831507 66.290912 28.892536 18.890796 16.507154
0.642110 0.687472 43.291510 43.491317 13.175257 72.862709 10.132527
1.739660 0.164322 74.317739 14.329444 28.036683 65.387512 3.848083
1.047080 0.548776 20.122052 54.928337 35.326085 98.022501 46.113615
0.760466 0.348464 102.089584 35.823249 60.136614 23.021292 39.842741
0.960258 0.210217 85.261210 52.687066 37.267401 160.523003 30.011037
0.696670 0.539113 11.011577 78.825716 77.558786 30.887622 13.944185
1.723510 0.033619 32.429703 55.821611 62.747381 108.537062 37.353735
1.536274 0.908897 33.774084 33.283924 69.046457 50.925169 35.297883
1.200357 0.967972 35.437649 82.637623 0.817806 159.370879 11.929033
0.756925 0.872016 81.419452 26.297198 50.304147 119.536402 30.962341
1.345836 0.525176 58.879224 9.756727 87.124567 54.111414 11.348747
1.572150 0.311733 51.115507 23.055926 67.017985 147.430778 12.730860
1.409133 0.439151 23.685892 10.485759 42.708514 132.028005 9.513753
0.654407 0.374079 22.950703 24.149467 47.455244 22.640693 30.284650
1.522715 0.698521 96.950624 62.327729 20.327800 159.836545 28.920236
0.598989 0.858128 67.845283 45.067148 24.404833 22.147220 34.506318
1.004291 0.234188 67.557729 0.968741 4.389317 111.416710 29.782982
1.061939 0.229799 47.038189 31.565412 93.040170 68.335405 5.261636
0.675457 0.976716 69.776724 48.133314 58.420265 5.176980 3.712501
1.753783 0.333281 75.335504 58.648894 88.412282 135.427612 33.262455
0.827707 0.506356 101.303871 67.743331 30.992317 4.075477 44.211660
1.616021 0.992671 47.152050 8.513767 16.560843 76.683377 38.414819
1.662820 0.588693 28.496061 18.590379 82.205618 34.114966 38.700608
1.066824 0.032366 105.304993 40.483008 13.984672 19.978045 5.327898
1.447329 0.283870 52.649477 17.778362 43.105614 36.086813 35.599132
0.597551 0.674894 15.108468 60.537922 6.943733 108.309295 9.204010
0.484876 0.214514 56.504556 10.411175 57.162718 110.797970 25.556654
0.708721 0.547708 52.846706 0.070113 77.068509 9.603783 45.014716
0.772379 0.591722 38.927952 85.971528 47.900946 82.768862 25.064606
1.214693 0.079207 80.709744 16.891307 42.320130 27.658434 31.760171
0.899367 0.981380 46.313425 55.564756 41.541989 133.491038 10.516821
0.793934 0.551435 100.500910 6.410828 23.675064 117.045943 24.149646
0.939203 0.054403 39.372288 0.544169 58.226259 117.869830 42.049706
0.496304 0.503374 60.494942 73.540201 29.199921 76.278396 21.376582
0.706239 0.137152 31.234691 15.621655 39.012959 140.878831 31.584123
1.307534 0.557169 105.151085 8.876614 13.046438 102.430018 29.166396
1.512059 0.515308 48.430208 36.629490 44.234836 25.505665 20.856907
1.659386 0.236834 27.047715 81.596384 8.254742 129.338581 35.396684
1.428460 0.160211 35.208959 3.077050 71.387594 86.527502 26.173568
1.435520 0.817320 31.925589 26.687639 65.731291 71.054136 14.199353
1.018108 0.070243 63.642819 10.812430 44.898247 98.485078 29.044656
1.204250 0.205868 19.959102 28.650100 73.911806 16.314185 45.855662
1.288835 0.765596 100.722296 84.656577 94.909115 52.087218 23.118508
1.545541 0.989777 9.305675 22.501209 73.937135 34.484766 18.930869
1.599621 0.409915 32.837473 76.271333 7.594224 21.587479 14.073781
0.655946 0.708669 52.054815 27.420900 24.525659 35.775481 4.915847
0.490786 0.337401 15.446965 67.796864 10.837332 148.182260 36.608416
1.737378 0.161237 96.024439 45.798646 84.918803 74.988386 23.035921
1.021586 0.146045 104.367404 80.511641 22.105304 137.740984 15.126616
1.174287 0.201740 25.202406 79.782594 93.161011 13.595634 10.397882
1.339784 0.834788 57.300902 32.664888 16.231568 84.296481 22.864225
1.410658 0.679461 48.920680 10.072665 23.008176 118.754507 34.574932
0.652997 0.895789 87.614898 4.663011 49.025228 45.207930 27.542574
1.729706 0.188376 67.990689 64.669593 22.300277 126.719105 13.019212
1.594367 0.414728 11.544060 82.758198 20.494415 12.022821 36.210189
0.647598 0.324006 64.417984 80.821227 76.785912 14.254281 31.076890
1.749023 0.111392 81.176141 12.039595 46.453123 128.221936 9.550735
1.519614 0.323571 62.519134 44.343360 50.942005 14.704105 22.168084
0.728991 0.309138 26.346520 2.191307 32.844861 157.595178 30.275434
1.156941 0.771126 12.233539 16.168212 3.947129 128.395021 39.924616
1.012734 0.832992 65.492675 8.258540 44.169734 27.941988 17.956562
1.064639 0.349308 93.354067 17.352265 71.943097 29.222311 23.560918
1.631623 0.585735 93.244697 20.442010 66.368210 124.117629 37.233336
0.880450 0.498487 56.227972 75.917244 19.776505 87.835893 40.891797
0.980699 0.173309 38.335843 72.429397 4.710085 75.597571 15.616195
1.403078 0.835219 7.688515 12.818703 57.720037 23.275093 32.263515
1.335762 0.465960 13.787168 5.982663 31.586060 65.070785 34.224148
0.571790 0.185234 21.794949 22.469473 4.105039 154.784408 26.346098
0.967427 0.478360 70.290919 30.867056 17.091636 110.558122 18.598097
1.539855 0.875601 7.847602 39.687140 77.967957 40.730898 41.589240
1.424529 0.805337 33.691193 1.089386 87.068133 153.027375 12.564708
0.991560 0.183054 65.723000 14.122080 41.881685 18.149710 6.391510
1.407948 0.475085 103.872839 56.507644 51.025780 161.230275 12.300465
0.773817 0.431017 16.581581 62.499055 32.594884 8.122753 3.513376
1.024183 0.417017 90.224344 74.173137 28.434885 53.012068 24.517564
0.626544 0.509205 33.424890 77.034221 33.102388 75.834173 27.099568
1.191890 0.710385 78.786355 56.234020 76.960652 60.413050 43.666056
1.072964 0.130370 50.560370 8.102657 6.517595 114.928920 28.606693
1.548227 0.914997 9.735565 82.694616 51.837942 46.029338 41.565143
0.819769 0.433540 55.432573 63.331649 91.968052 116.907230 32.886179
1.420770 0.340048 20.568477 55.652093 85.090102 149.591567 28.796306
0.834998 0.147349 7.389050 7.463697 68.113189 102.449634 39.474747
1.769136 0.523143 96.825848 61.595083 73.256349 91.848054 33.544313
1.276596 0.057608 32.065618 25.740508 0.908199 114.783872 15.710432
0.562829 0.316568 36.224616 44.657237 9.887562 100.471358 5.978701
1.242978 0.669139 105.505246 85.415605 65.515985 160.244666 6.529361
1.679485 0.651022 8.565447 26.384157 76.424820 77.010750 41.882364
1.505427 0.089335 16.420260 3.899739 9.667174 146.325189 31.513630
0.863416 0.473547 50.006691 40.974631 25.350799 7.617348 15.572400
0.590080 0.189488 80.559845 5.177450 93.073994 125.978009 46.674572
1.044304 0.341240 32.916252 8.995283 35.079186 141.389952 38.379405
1.418721 0.983899 61.956373 81.113289 56.470827 40.294973 16.147626
1.305770 0.900783 106.225686 44.933699 45.967420 83.572977 19.371681
1.711220 0.749481 89.738880 11.066079 2.438724 131.715935 34.040221
1.017478 0.365138 50.272448 80.945650 41.333022 59.755186 31.325983
1.758766 0.453883 105.608071 47.260339 65.380273 59.309128 20.139960
0.983716 0.330294 64.939164 78.178619 70.891276 116.110412 6.817700
1.655819 0.120575 47.510702 24.437170 37.630443 158.772717 14.605886
1.504600 0.184779 7.531905 11.421783 7.569565 106.751456 42.945810
0.894082 0.867506 95.059484 75.724782 3.518329 120.438584 30.732270
1.040184 0.659003 90.930396 41.419885 81.765940 120.755759 46.909872
1.557585 0.905576 77.360615 53.895977 39.484920 99.206058 19.432427
0.955303 0.255644 35.916579 6.286379 72.266393 78.623414 26.393606
1.220967 0.799562 26.906874 18.704888 83.223833 131.778425 10.247974
0.486210 0.734941 50.890821 32.142395 89.138045 64.415602 3.922923
1.697562 0.379243 76.775630 83.839530 16.902728 144.932738 8.203795
1.743244 0.343865 36.052350 27.383432 25.973876 151.393502 11.300199
0.769915 0.168010 10.069718 18.895324 49.314713 143.243762 22.809307
1.128513 0.806263 38.527874 24.639689 97.084240 2.179322 40.466359
1.026262 0.440581 59.099092 39.444514 29.636566 149.960043 36.057408
0.579153 0.397309 57.391939 50.582042 32.772071 88.038729 24.940310
1.234210 0.582816 10.841240 27.589482 62.859741 27.430306 42.555258
0.869197 0.312101 21.103417 18.228017 77.474214 28.639620 5.173790
0.962516 0.969466 69.656239 38.687384 15.984269 41.985262 38.866539
1.437938 0.457064 54.691105 16.477420 58.184047 14.876242 30.643826
1.712589 0.939852 22.803464 39.924107 44.285203 32.323004 43.810791
1.402303 0.039511 93.934606 36.772414 6.249506 151.253680 25.956782
1.248828 0.362242 16.060223 33.592799 64.295167 66.448808 23.589201
1.641600 0.657338 60.126073 63.228274 35.858096 48.974891 26.703830
1.621968 0.378284 97.947915 34.053488 38.171976 85.256593 25.007548
1.562107 0.961299 17.469907 81.756128 23.900794 94.990555 40.393550
1.567837 0.267962 13.530108 63.364254 56.622205 72.501042 11.447448
1.229087 0.020149 22.230979 7.243980 20.908992 1.772663 21.328299
1.278075 0.647822 38.824592 21.369595 78.852200 42.438983 29.813936
0.674045 0.027563 105.777023 46.765017 28.494803 40.556549 28.349017
1.210745 0.252941 98.340419 25.119736 18.449472 55.786492 34.250543
1.775693 0.241873 68.545994 35.575549 93.742513 142.964587 6.609199
0.528284 0.118993 44.883459 22.103460 31.681399 107.459241 11.662059
0.783349 0.844089 48.195691 62.409900 13.408844 152.560324 21.826565
1.029297 0.126645 91.756388 12.955682 67.902468 126.822127 19.192620
0.750822 0.025166 19.115623 39.278527 79.699761 76.896360 13.177963
0.620945 0.482024 55.690282 1.715652 76.031598 145.673482 15.864330
1.636541 0.918078 91.507132 33.127203 73.076659 4.570277 40.287971
1.077072 0.211022 82.388793 54.505436 49.120395 104.042648 13.686554
1.160889 0.108870 11.925273 85.119577 38.274190 121.312307 47.231137
0.907341 0.775134 95.361378 25.546869 36.404879 4.361399 37.579436
1.668216 0.128108 51.278463 36.206576 44.019360 48.246951 26.306356
0.978594 0.381750 101.372824 79.459930 72.160943 153.950292 24.827426
0.524219 0.597310 23.986077 70.034593 86.961647 150.863622 29.720890
1.466559 0.114167 105.376313 69.664444 19.558058 130.048395 24.598222
0.775766 0.754529 39.570626 29.178001 18.606226 124.788331 7.626716
0.813398 0.614147 28.400502 84.975453 6.777101 133.856968 44.866968
1.648782 0.869638 103.459391 81.536028 86.623036 93.629564 7.245060
0.494277 0.946382 49.581678 4.417905 67.189494 98.347702 39.043162
1.515427 0.999206 36.063462 26.213758 13.089376 25.836798 30.414604
0.882186 0.524413 66.410839 75.835088 47.345418 42.730533 27.693325
1.048855 0.429501 92.279833 71.985800 90.574324 123.746363 17.646133
1.065939 0.450545 27.978988 21.938098 54.055396 109.584839 20.317916
1.110848 0.347485 31.124276 66.399579 81.032253 18.338104 15.891131
0.993040 0.084008 62.649093 70.992796 47.510027 13.777641 43.853449
0.484162 0.882656 62.776007 38.098141 30.434655 90.001304 31.256687
1.745914 0.634225 71.820432 60.881654 76.067769 110.089423 30.803408
0.945482 0.706402 44.146962 57.630178 76.327677 125.373884 42.907682
1.071552 0.305173 100.360599 61.504773 45.803171 110.198067 43.102678
0.695766 0.288656 85.042698 56.794921 41.172368 120.471061 27.228187
0.877580 0.572943 67.353265 32.799550 31.496165 71.353376 41.912449
1.382186 0.176952 62.864458 78.078891 80.321888 154.703562 40.964251
0.914413 0.559327 64.263249 74.027798 53.512903 92.817951 26.575058
1.460919 0.395480 71.879615 22.893011 37.412717 27.570727 40.600957
1.626123 0.694433 44.649299 58.395439 72.637252 48.699664 32.557795
1.486964 0.670426 10.515884 53.720683 70.959614 77.501564 5.833543
1.431488 0.448939 56.207714 57.443965 17.955792 49.880414 33.037985
1.602359 0.474580 72.531791 68.203698 52.487568 36.980433 42.575707
1.760007 0.058457 30.955655 8.911319 91.448166 61.770423 34.141825
0.606216 0.943877 36.489475 30.148500 11.865925 51.288447 20.386386
1.236638 0.088662 71.216803 30.233009 57.269871 142.504029 39.891700
1.464994 0.022518 21.232923 23.209820 28.100655 44.031192 37.312945
0.471558 0.576720 66.664027 40.371812 27.323107 19.438395 31.952967
0.645994 0.100766 96.480237 19.811391 18.704314 92.008759 28.294568
1.031418 0.845470 41.381457 9.555615 78.266494 47.319054 46.967923
1.252856 0.028429 84.576580 71.496864 37.759497 38.102196 28.892382
0.732408 0.052904 70.609165 76.957869 41.070120 120.217370 45.724940
1.536532 0.196168 42.879951 75.658437 63.926406 158.631014 42.859065
0.573970 0.193124 20.225032 35.857764 64.760351 39.412588 20.181056
1.079665 0.573779 64.639882 41.910474 88.758066 144.814490 46.378178
0.948165 0.886577 92.099309 0.835465 34.767786 35.437755 34.287084
1.714366 0.608605 23.784750 22.600256 66.254766 105.114618 22.524219
0.833531 0.965963 12.043265 9.064447 65.103082 129.932097 17.590866
0.558019 0.060362 24.831521 65.966356 18.255535 60.125077 5.756721
1.269787 0.489702 103.787534 58.055677 19.114975 79.460412 34.423967
1.688336 0.452569 76.080268 71.395283 70.808332 115.198952 37.682252
0.609198 0.770406 74.735285 20.814742 27.541440 105.580043 32.042019
1.358294 0.837076 84.182574 43.591630 55.015115 24.047578 19.529910
0.691025 0.526800 103.170412 28.790834 95.235452 74.366092 35.998004
1.010911 0.081729 66.142606 63.086573 91.676799 1.316841 18.347493
1.297620 0.471573 49.674649 2.355846 64.251124 118.873591 47.599937
0.715019 0.391713 56.020804 3.702278 79.471138 81.676410 23.900054
1.724050 0.261884 54.822230 8.371697 33.181055 97.584503 26.852791
1.527202 0.909598 98.076560 16.765390 62.597831 141.215825 43.061125
1.371274 0.959130 70.118539 31.303777 93.470238 23.705872 4.507386
0.738138 0.825890 106.111174 36.517750 59.074763 35.829143 22.626530
1.188549 0.262964 56.767385 12.894395 86.093749 15.232000 37.413780
1.235349 0.496803 12.433846 43.962853 49.972011 40.918623 19.131097
1.779875 0.321239 88.505218 58.823002 1.451487 25.421717 37.700632
1.369350 0.282482 58.044728 73.753429 31.163598 26.771659 12.925638
1.438321 0.186962 53.756568 10.559772 15.748408 105.308403 4.123179
0.712798 0.878431 80.650790 35.376934 26.933502 60.434915 34.468826
0.627343 0.107908 70.518736 2.973683 91.549945 81.577606 23.534245
1.237717 0.783345 51.989991 80.486251 52.172595 7.065579 36.027435
1.293883 0.699681 82.188586 73.011076 56.256348 59.989351 21.631568
1.414627 0.642276 26.673927 64.438356 16.360280 107.614874 47.375198
0.778105 0.047452 18.346915 8.755102 57.853554 136.187910 41.979208
1.185548 0.972717 40.532961 42.366453 56.645435 29.081803 38.007091
1.502432 0.446565 79.866296 77.269752 35.113193 83.677357 42.219672
1.564601 0.877957 71.117667 83.955189 85.346095 154.161183 39.644844
1.109601 0.599263 14.042522 71.917957 13.708171 40.460741 6.851524
1.488190 0.313636 106.498717 48.995392 49.528244 28.192378 4.235823
0.785959 0.187937 51.091349 69.525149 89.826019 160.612029 41.240822
1.171205 0.833617 67.339890 46.652846 12.452577 89.193647 39.068338
1.665623 0.073420 55.595346 42.559334 21.482263 93.127052 35.680363
1.002067 0.444799 55.049598 53.273887 54.681638 25.256677 8.810718
0.560477 0.660222 11.694067 7.562929 32.102091 74.784176 33.937143
1.240590 0.955635 89.642644 81.860881 92.337804 82.172851 38.502718
1.733182 0.244345 93.662438 75.327289 61.050093 63.915613 46.529957
1.706347 0.768892 60.536121 60.291156 74.826430 159.579827 18.727062
0.543214 0.300365 64.569408 56.864407 3.893851 63.665125 4.987770
0.850664 0.377551 68.975222 17.664104 69.543973 105.486531 36.242641
1.180550 0.827347 47.493240 24.066875 12.633426 107.910934 25.989547
1.122583 0.880195 29.551481 72.242558 1.210575 109.444057 31.705852
0.617607 0.902497 13.358681 61.152250 9.188532 102.090444 9.176725
1.719892 0.600741 6.480781 64.588230 73.630304 113.995204 19.929725
1.453208 0.505018 103.276796 69.628749 22.680740 58.352115 44.412281
1.050755 0.203899 74.169428 80.290920 53.729109 143.984101 5.765328
0.702704 0.123728 88.216446 14.564400 29.772154 154.290927 42.169472
0.480077 0.545673 70.814244 41.311041 85.004294 104.340072 43.970463
1.118233 0.351956 57.152691 26.825041 56.329728 66.997540 11.437326
0.865143 0.682751 50.484828 66.620549 50.625119 22.391397 22.277871
0.633099 0.629076 81.350320 74.099115 5.230232 157.715793 14.047219
1.383509 0.511036 29.530520 1.950043 35.543439 12.990664 14.131902
1.059623 0.864283 26.573465 48.328309 42.528673 118.125632 9.808164
1.532905 0.138950 37.063190 65.689848 43.813800 36.410507 17.497998
1.086040 0.936710 42.611674 57.961143 60.083561 17.738968 42.308312
1.274571 0.296591 65.158961 29.130578 3.480050 100.902297 36.864756
0.620519 0.982472 31.403930 21.211788 11.940023 108.751800 22.153492
0.581222 0.373084 78.053707 60.103308 63.872991 86.846648 22.322249
1.107373 0.008227 100.849641 64.544241 28.317562 71.456200 13.839792
1.121373 0.747285 42.332926 7.846702 93.395997 149.832473 19.965848
1.704126 0.435395 25.034359 76.104517 27.083827 160.956080 16.830876
0.631824 0.589203 102.009885 68.513196 48.642621 78.232474 21.638510
1.559741 0.363543 19.693947 15.155406 9.516773 73.738499 20.946978
0.531978 0.157890 83.533616 37.452508 10.168956 20.843606 19.202937
0.716460 0.859559 47.924960 47.693476 81.089201 11.741901 44.863915
0.662358 0.158836 102.406018 21.751531 1.918671 54.976231 29.504992
1.623188 0.696306 97.432701 59.125339 89.978915 126.921736 35.602609
1.137968 0.995698 94.667686 77.887065 8.506860 133.672824 41.781670
1.485393 0.352833 41.848084 13.776818 14.664816 61.658889 24.711658
0.770945 0.732443 87.795895 18.830969 15.655484 147.708886 38.121594
1.399938 0.794610 41.681725 42.479945 80.610321 33.949422 20.442675
1.266251 0.935770 6.658684 64.332443 7.760132 20.148554 32.808710
1.096312 0.328894 26.323831 41.275009 96.658230 66.341176 29.622316
1.754571 0.218413 66.879908 26.930746 42.931606 114.644625 46.707871
1.284060 0.947756 72.191687 77.569852 24.867714 122.751993 46.558926
0.951458 0.926655 81.254030 2.041949 78.555060 104.577982 12.827841
0.953671 0.733613 44.515579 46.444303 16.118723 91.261109 8.283529
1.449101 0.066225 73.019174 67.417408 37.069392 43.649969 34.679993
0.894705 0.320617 75.368230 16.102569 35.680812 44.497946 9.353850
0.995014 0.462264 7.614482 38.789886 73.774117 70.182008 24.745414
0.581678 0.601021 45.562516 39.641905 83.554916 94.020908 15.019443
0.853397 0.098177 34.925974 76.020124 68.959014 106.079248 4.194124
1.596570 0.295555 86.890548 33.780691 1.700516 10.437750 38.749869
1.707546 0.080522 40.626841 57.043992 55.394231 57.501617 19.262345
0.623374 0.885000 61.311556 74.552754 36.267114 63.424852 47.185035
0.650621 0.141349 66.304114 54.153368 28.619635 87.134632 37.456429
0.887719 0.724430 61.415342 66.259710 58.654320 44.439148 6.204772
0.873531 0.973601 79.161861 82.121541 77.354928 30.183528 10.913092
0.859146 0.167893 38.682648 53.978104 48.025124 134.575511 21.171984
0.507592 0.633356 74.108614 13.217361 88.183387 135.984449 31.691802
0.952264 0.424528 10.977220 47.858175 60.344634 121.921230 17.012775
0.534976 0.563251 87.532706 68.401883 12.593431 112.139674 32.368831
1.092321 0.826809 14.823375 29.414184 23.446982 125.578282 11.506335
1.458009 0.782537 45.451902 9.458831 36.060172 162.048673 21.294556
1.316476 0.041358 18.094282 56.545590 10.599113 84.471657 35.042415
0.552820 0.426501 91.063447 29.974977 56.047892 129.027127 8.186077
1.062904 0.896698 26.151964 22.722349 94.084671 23.202762 32.139629
0.487268 0.318180 77.092856 62.216293 7.433317 27.088301 46.423788
1.632113 0.829290 27.735998 33.525685 95.898943 3.286476 47.663273
0.883865 0.623947 63.779997 59.630327 17.313477 50.960586 42.441979
1.014589 0.437498 21.440013 67.377472 86.138811 134.852274 6.733088
1.628192 0.792011 36.586150 70.083305 48.920015 52.582832 32.922673
0.782621 0.646284 44.927338 62.802025 47.647964 47.084431 19.407042
1.132653 0.017757 35.337521 41.543865 23.413066 49.730234 24.666008
1.393454 0.151893 18.843605 11.032054 66.061919 89.709652 31.917550
1.008045 0.971148 18.737886 81.951657 11.246898 122.571393 22.509286
0.474388 0.578074 73.651369 67.006378 89.081208 93.869482 17.942832
1.316080 0.927206 69.212566 38.439500 12.037912 103.236197 44.333039
1.573777 0.933177 10.177097 36.196488 79.105215 36.255772 6.284259
1.336735 0.675711 87.372466 44.196870 21.209454 12.747146 29.898864
0.999823 0.879235 34.693484 18.044695 5.112311 153.481768 11.002571
1.256403 0.759941 37.414386 71.163271 83.720285 4.150719 25.896241
0.500002 0.531088 24.401452 56.133325 69.262091 47.809187 42.089715
1.204956 0.974121 69.483119 0.939545 39.345081 50.032061 44.580707
1.095649 0.945049 39.345473 76.364476 4.352012 70.416515 8.510030
1.553073 0.375136 12.709013 40.028030 78.681744 133.509714 18.060130
1.624302 0.425360 30.032701 22.153845 69.625846 158.287850 44.513563
0.766064 0.212851 45.837890 51.599262 62.035415 91.767144 43.532235
0.592627 0.870665 84.419234 27.080702 39.695148 158.934776 8.048695
1.677541 0.222944 94.860276 76.672893 15.026343 77.692509 24.994556
0.731917 0.403481 83.642383 21.993780 40.817313 155.075906 24.335925
1.619251 0.486202 18.254093 20.032406 64.115591 73.523430 6.350906
1.207718 0.092913 15.850235 54.263688 44.580881 62.801863 4.646488
1.194110 0.411337 58.575038 38.888242 44.500775 36.603428 32.445141
1.469712 0.627093 50.801297 47.421354 29.360091 130.795566 16.260519
1.043507 0.868673 85.321347 37.652474 93.978867 106.953969 6.919374
0.792137 0.155362 8.906721 64.905097 59.254742 92.291178 15.971506
0.540695 0.574722 21.704873 53.130841 52.966573 123.014900 8.534178
0.987261 0.717413 57.758488 30.417914 86.588060 86.136748 17.643257
0.568730 0.467162 83.826192 27.931489 83.675502 87.151996 3.871151
1.394209 0.421885 19.542907 79.688643 7.902767 149.183897 25.653657
0.867846 0.730682 57.073111 34.932728 74.353697 153.347645 22.357127
1.760546 0.688702 97.131426 0.720459 51.623217 109.189151 36.925458
1.477452 0.113748 8.055463 61.945981 6.020796 134.036840 9.618997
0.495220 0.466613 25.952439 49.568665 33.063601 17.877866 9.299115
1.451794 0.631287 69.059833 19.521482 23.882603 85.922932 34.087912
1.750597 0.788229 90.722965 7.137811 55.750634 6.371454 28.206939
0.891453 0.761291 48.335947 21.813683 59.670514 35.014379 46.774505
1.762320 0.091682 85.686301 57.708662 42.879513 71.037122 20.752332
1.260206 0.075850 65.419192 85.583808 30.124293 1.542297 35.091620
1.598210 0.422837 68.772094 18.476487 84.726294 35.610523 40.304696
0.640571 0.350615 29.053122 65.104220 89.239605 111.868963 30.679739
1.697437 0.266694 24.234081 83.441877 12.772009 89.470400 40.344012
1.225076 0.307590 73.783931 67.096172 78.424873 153.715511 31.362813
0.604712 0.861193 52.148133 65.204446 74.558404 37.512656 14.806999
1.659665 0.209764 42.434679 4.528131 7.083496 131.297549 12.896161
1.250526 0.987398 78.741386 69.121096 70.447822 156.567515 20.637089
0.504220 0.745583 104.587849 82.425506 12.390778 117.166387 36.512250
1.320490 0.005341 28.077959 70.934098 18.878326 151.907272 12.978679
0.612035 0.200636 68.730020 53.473937 39.863767 72.773239 30.519276
1.444728 0.590729 94.134038 70.375133 51.971848 123.524356 40.022811
0.743715 0.712440 68.386158 34.270140 28.148552 99.506869 15.207740
1.730992 0.135473 90.405910 10.262405 71.837272 1.474257 17.225686
0.774983 0.368393 89.402104 27.767651 73.047206 79.945474 14.720862
1.387673 0.873198 49.959936 52.130593 28.989781 119.415005 13.504584
0.600370 0.117204 58.638471 64.748665 65.548905 8.441499 10.565566
1.160221 0.907283 16.192288 69.739910 95.045060 96.753563 14.842509
1.510279 0.569542 19.180828 27.841783 15.136054 110.441651 34.384835
1.298764 0.541646 63.387025 22.314537 95.627903 65.563757 16.432833
0.606986 0.991282 51.331641 3.510830 90.777116 100.314710 32.942750
0.667686 0.763271 85.454060 71.871629 24.822342 96.553323 45.502846
1.412757 0.684967 77.261169 46.856362 2.586159 52.721303 38.713023
0.755473 0.364918 30.458198 80.410062 2.346443 147.505768 32.683805
0.968095 0.219841 30.074332 49.899220 32.908113 100.692867 14.264437
1.318180 0.721308 90.501536 16.432615 72.896765 116.481304 9.116541
0.693473 0.889743 22.016750 14.740378 77.844231 104.460158 37.828019
0.735062 0.930434 61.659036 39.514108 52.814413 37.576407 35.357259
1.578336 0.225862 82.683255 30.494055 70.593283 32.707704 3.774568
0.943531 0.043918 11.865689 55.014186 44.719622 137.627267 15.554142
1.331825 0.339247 57.881463 52.782472 14.094848 29.461432 17.902873
0.723289 0.490469 17.684164 35.437973 96.080249 7.750205 20.604273
1.152858 0.956658 29.385432 33.663816 70.029817 41.862621 5.507796
0.835893 0.001938 11.116395 75.140704 3.070601 52.329305 32.759559
1.280418 0.527713 65.884101 7.596476 83.333380 138.363751 38.984631
0.923754 0.655551 26.497054 59.555535 85.603498 72.168344 36.357013
1.376105 0.019754 55.811228 6.580660 55.180610 118.034828 45.799466
1.734537 0.728764 44.434657 41.834604 59.166444 80.145006 30.830663
1.593100 0.653294 25.794375 9.172494 20.156569 23.561968 44.935475
0.947774 0.227813 20.646131 41.185987 74.284220 138.769362 4.927930
1.169273 0.408652 63.158087 59.794022 42.086686 3.697509 13.400908
1.589789 0.069829 53.309800 63.847847 57.047367 56.314522 6.037252
0.762785 0.385862 9.821433 3.874315 2.494956 38.589592 32.154884
1.397989 0.287839 50.609419 58.514537 56.112995 118.551608 11.740312
1.685470 0.461601 43.851137 50.689013 71.428684 124.177854 33.861231
0.844875 0.357219 33.297287 7.161000 77.140360 43.207551 13.735800
0.639963 0.979334 28.749355 42.283144 69.387795 103.726515 8.922121
1.692675 0.640322 96.738249 35.607669 83.888423 143.117727 14.512423
1.645525 0.804695 11.411800 78.687531 66.536084 128.528744 44.429587
0.780339 0.865764 75.506779 16.225270 88.088209 51.097091 9.844015
1.303809 0.202534 30.372289 23.641945 14.408340 29.636119 28.459249
1.349701 0.401732 9.102786 11.485207 22.383503 158.046587 9.086913
1.409702 0.388935 49.257329 47.138138 27.233906 4.854340 27.024510
1.311578 0.662537 48.096075 46.986363 19.210153 106.489926 39.737462
1.616327 0.290055 53.813084 29.673091 0.780816 70.380507 40.854174
1.077847 0.840424 73.104912 53.018400 27.719272 88.845497 43.188367
1.549881 0.242812 99.058952 4.053383 62.063702 132.179213 43.691997
0.842451 0.731021 12.598115 8.599454 14.852208 84.028614 41.220209
0.870561 0.549919 81.960880 12.507933 53.833546 10.014531 42.017361
1.212956 0.748549 99.810237 79.942288 44.991194 129.741797 30.576222
0.827021 0.279954 38.138791 11.332871 14.941664 54.941939 27.894518
1.134554 0.830918 68.091972 32.389353 83.992395 55.191434 29.961861
1.778553 0.906252 75.910244 45.585068 21.499152 141.377511 11.101885
1.075281 0.962890 36.795020 62.026532 94.317045 113.436281 33.639198
1.085023 0.677247 75.805852 2.476518 88.488894 138.053107 26.614619
0.477762 0.072660 82.510169 59.399179 89.493754 144.228152 22.042454
1.506639 0.458882 35.474842 75.042464 48.061292 99.982624 41.142655
0.799184 0.595050 27.770157 48.829415 32.402391 80.610988 23.698982
1.163624 0.336843 85.902516 9.963914 15.932287 86.811812 9.679282
0.897104 0.150537 67.904901 11.710595 29.872402 26.813457 37.106111
1.685769 0.152439 92.990063 15.428207 11.483010 116.343730 9.931294
0.559266 0.540833 21.584811 45.642236 42.361589 101.285857 42.703302
1.302285 0.638500 41.229790 1.479228 4.066835 70.015213 30.939928
0.751901 0.095745 69.435947 70.249416 17.739864 115.548844 42.685385
1.359876 0.317971 18.640379 69.147984 91.291384 115.640891 27.616590
1.690815 0.516667 8.766839 81.449621 40.083101 97.134818 40.218784
0.903554 0.249454 76.912997 1.853467 9.735920 31.327564 20.122163
0.629845 0.892438 77.850977 65.868464 43.606908 16.610560 31.214447
1.347702 0.609985 15.979039 65.412250 34.170988 64.538716 6.150229
1.746437 0.074685 12.338660 82.525654 16.437325 80.425127 47.639054
1.719245 0.658058 71.023962 56.932240 52.341310 125.706672 15.047559
0.832629 0.275688 96.338088 75.430117 46.178424 131.011629 37.529192
0.658741 0.024409 21.895630 76.112776 10.708322 73.151596 27.305425
1.329905 0.581050 79.008750 79.039552 43.262572 3.881643 18.277470
1.119290 0.190792 92.576282 61.056662 21.050612 18.945448 25.294915
1.751474 0.315522 34.499368 37.122983 39.388080 121.601327 20.697449
0.584366 0.502325 28.618385 27.715078 82.846255 89.062817 10.468686
1.187569 0.727839 39.880067 82.211271 52.685820 80.967319 5.863477
0.572934 0.606552 61.773325 51.076575 61.285256 62.650492 37.121654
1.747377 0.077650 56.972916 62.893690 53.311057 38.478512 41.059630
1.087872 0.711605 51.643790 58.291867 41.961453 84.577069 16.463649
0.482037 0.831656 103.408917 77.485171 48.432934 53.354244 18.183608
0.958876 0.736276 61.599026 73.840676 1.782306 161.957998 27.662175
0.877078 0.285702 30.794840 80.039366 53.891702 86.295306 12.377727
1.285524 0.396423 103.613900 3.759526 74.143688 58.918672 25.187533
1.514992 0.986707 55.369331 23.545388 47.210166 70.881060 38.928812
1.128981 0.105917 12.180857 60.630152 97.217085 24.712572 17.382211
1.541918 0.876801 38.227941 20.658712 30.922211 115.354868 6.436672
1.028060 0.760291 23.065591 53.786326 20.040540 146.952706 6.235606
0.551202 0.049581 86.290014 8.044533 83.462725 109.816274 39.262069
0.671345 0.037941 22.699473 34.771604 3.403775 79.027700 7.768688
1.467116 0.078739 26.787141 63.770242 18.193725 111.595801 38.655332
1.333776 0.259017 36.750078 55.174200 26.558405 145.327548 8.376872
1.584705 0.849123 97.599012 52.536313 79.827132 73.851431 45.285712
0.815718 0.644777 10.482190 15.595739 21.295034 59.929197 19.823456
0.843680 0.707461 102.558323 41.614947 85.915124 142.212138 20.505898
1.526386 0.963177 50.181165 40.642586 6.399993 5.061072 39.449009
1.476591 0.136885 76.264763 33.843446 26.619985 97.839979 16.307086
1.565806 0.823027 106.285575 13.049731 24.308132 24.558962 12.671142
0.726344 0.625037 64.821055 66.806838 68.449890 153.854159 4.366580
0.851642 0.816129 46.780970 73.255868 30.697624 151.623232 3.757778
0.618966 0.392010 14.976714 23.295238 12.288115 51.742542 20.018340
1.597252 0.394645 70.361771 42.195646 38.298209 138.572922 39.562905
1.671361 0.554826 12.680622 17.143258 38.437979 10.541015 8.836168
1.052261 0.957357 101.742808 0.098125 53.647447 97.419228 15.254851
0.575055 0.228066 70.004220 0.219977 14.156609 58.190861 36.155966
1.166311 0.680756 104.327858 48.469067 96.547544 142.035569 27.743228
0.802540 0.246771 41.637907 34.197506 71.266962 127.455840 28.731825
0.686670 0.808406 80.934713 64.235086 17.648911 33.268553 7.962979
1.499669 0.777413 81.852838 35.275142 8.719359 83.842231 16.967013
1.036809 0.221178 16.241962 21.390963 31.291245 45.636912 14.880329
1.728628 0.062780 75.716422 22.756696 5.737252 155.792804 32.091109
1.773188 0.463005 54.737156 25.951851 74.641169 74.725080 10.047381
0.792854 0.302260 93.427770 27.530804 87.602415 156.722425 16.882177
0.762021 0.162781 35.822573 62.938589 39.776453 28.536842 46.026516
0.819940 0.010171 16.327363 63.966950 82.500435 53.332093 18.240220
0.739356 0.018200 90.817971 80.181024 68.391746 152.168809 30.877011
1.744417 0.656264 78.561230 31.263174 37.579470 140.981424 9.730404
0.983301 0.468471 14.739676 72.601907 80.809392 50.235624 13.067499
1.344370 0.571858 86.315339 26.503913 56.758933 19.143548 27.330731
1.134138 0.964213 16.680280 72.344705 80.117597 140.405251 31.412085
0.958387 0.607847 45.047379 74.570728 86.845093 84.932733 33.568148
1.455160 0.778217 106.043898 38.992446 67.083001 76.628414 39.211156
0.636709 0.598614 51.448633 54.108095 65.171280 57.305444 45.238517
1.255729 0.335189 45.165336 57.185421 34.253001 65.192264 43.278496
0.610536 0.702294 29.272715 6.748300 25.479800 93.379706 7.406239
1.617789 0.560172 57.923210 57.092804 7.107815 141.837667 21.971393
0.687881 0.624106 83.910233 6.088912 60.550676 81.133170 29.276512
0.892429 0.487059 100.770775 42.865395 68.215542 126.112894 40.041438
0.601204 0.941364 53.943554 68.569526 3.010267 77.931174 24.789953
1.295940 0.428674 40.014465 39.157416 2.212872 29.766059 28.100722
1.282887 0.852519 74.468000 21.680368 61.927927 45.341438 29.839579
1.106292 0.370853 33.609011 52.011539 92.418877 152.744885 28.117021
1.614237 0.530038 104.949905 18.976982 1.168473 156.963275 42.258383
0.657471 0.248162 80.067579 28.303631 7.848770 144.455226 33.012121
0.704577 0.695453 86.445719 36.943316 22.547745 143.665820 18.012862
1.499122 0.382923 77.022147 70.487015 75.714916 152.960091 29.255286
0.710481 0.828127 64.223772 52.437751 89.446587 43.282470 33.650266
1.571112 0.738207 104.772298 3.106207 82.077648 85.734349 12.634430
1.114266 0.975798 80.175721 22.378812 93.275206 146.399439 33.225646
0.506223 0.508336 74.794160 13.994248 75.061699 64.793433 28.966841
1.049072 0.649463 66.947962 4.971306 54.427545 2.841420 35.273692
1.037804 0.056365 55.914460 5.066686 61.095975 56.586710 27.166660
0.875130 0.358765 24.545756 7.376128 15.250132 94.404588 10.857624
0.746256 0.030518 19.408756 24.983275 83.003485 135.889222 42.398367
1.763641 0.815612 39.203469 68.343415 25.595314 140.555100 5.694160
1.471380 0.310816 28.670239 55.495440 22.224616 156.232534 31.134188
1.771094 0.755280 34.418457 53.386302 68.893983 126.397483 4.529736
1.406417 0.223060 13.851770 15.233949 27.384147 6.266988 35.164141
1.216911 0.848277 93.073714 77.719250 62.201675 152.438449 18.978164
1.103135 0.400453 44.197947 85.798526 89.646111 126.508029 36.948710
0.566428 0.367004 25.341787 44.116874 87.883284 95.825661 38.318427
0.964025 0.104897 9.565681 62.654208 1.647119 113.324221 27.754420
0.567458 0.841924 20.850146 28.102312 46.901909 16.450732 8.768825
1.703407 0.610498 54.169278 38.312536 88.813353 32.824440 3.485521
1.473754 0.087648 49.787241 61.213160 31.110111 124.502519 4.694710
0.679691 0.769509 95.298220 56.451478 89.947079 39.254962 6.007565
0.733793 0.220412 37.972764 43.001052 11.190473 71.759147 30.082521
0.478695 0.263805 96.143417 72.522724 3.267633 77.376068 38.814207
0.714149 0.577827 60.311598 78.512221 51.746585 102.970685 34.329831
0.588097 0.124108 105.076593 2.702403 87.317015 15.653502 21.582205
1.692083 0.207784 84.982507 37.392266 18.010449 38.297494 7.841266
0.812976 0.615353 72.367965 44.251448 11.656108 159.148984 20.079750
1.361158 0.592868 97.417000 67.579401 7.299903 137.952115 4.746121
1.045546 0.093015 89.109619 32.299780 95.328734 161.568859 46.463950
1.288622 0.154727 82.171576 41.703741 40.330085 85.535460 35.503397
1.116206 0.331490 94.543144 42.090493 63.566403 49.217879 17.301322
1.654391 0.021219 79.199303 22.989524 41.706957 99.703243 29.330639
1.554439 0.387591 62.569995 19.613228 40.563906 150.188868 35.022986
1.312849 0.904729 18.576715 73.300077 4.268200 125.844333 25.128930
0.508260 0.270294 99.481501 20.406114 17.515159 96.133599 26.894278
1.140586 0.884330 43.922864 23.451045 79.201914 8.139209 13.653624
1.441299 0.735336 64.972126 50.005803 92.925937 120.976411 37.923155
1.433667 0.797771 43.523610 71.212722 21.816702 27.812226 11.757399
1.364011 0.810077 49.102071 43.878727 20.578515 117.473404 42.135022
1.328739 0.353809 100.992460 12.359282 39.089069 136.320978 11.883910
1.176600 0.012544 102.177431 13.692191 75.586379 2.126096 46.247146
1.650233 0.700671 24.878972 14.138909 66.164696 1.849190 22.213019
1.481723 0.990645 89.240117 46.110917 10.353610 136.972174 3.965295
1.020113 0.742372 17.756662 29.259300 34.902949 64.051768 9.436472
1.562917 0.520106 86.038421 78.605560 86.759577 43.996324 12.431737
1.059001 0.552056 14.319452 0.678329 21.883421 101.377122 44.982565
1.291753 0.719408 9.900715 66.923557 76.627359 137.389330 43.740218
1.766035 0.507469 85.130467 49.104677 25.177032 46.539534 41.473460
0.777272 0.839292 40.701719 51.001008 48.764712 100.624107 25.424531
1.226377 0.767160 8.804337 60.708608 90.532804 113.095351 34.117651
1.346438 0.172855 44.779097 52.298126 45.154185 107.125251 16.930124
1.239730 0.402428 15.703198 29.346504 45.362135 125.127940 23.825647
1.005731 0.809198 68.887084 80.148125 16.700904 79.704435 28.181157
0.727365 0.031025 99.706385 33.926579 70.517147 16.031471 19.635060
1.054557 0.449998 42.263762 3.201352 56.970257 56.438831 30.155006
1.378423 0.758207 84.280017 61.854274 92.215752 42.288646 12.470470
1.556270 0.286870 103.642701 84.345328 80.281366 5.865943 9.796885
1.263155 0.346198 100.052105 85.191548 82.723236 131.466878 27.404631
1.150571 0.890171 83.692813 59.160263 58.698233 157.101095 43.348538
0.608099 0.604574 55.311271 81.195812 88.293014 139.023517 25.691027
1.222774 0.149924 33.110150 5.606618 75.417170 68.130162 15.090783
0.492470 0.226286 82.868996 17.211610 58.893726 134.198435 35.930176
0.712338 0.821584 77.901842 48.529300 90.704360 101.783583 8.702259
0.725419 0.922598 95.600057 47.397641 95.163014 12.409430 4.283041
0.817346 0.924802 77.505352 57.277035 17.172095 14.542766 10.004220
0.972870 0.233437 91.267564 77.320565 61.510861 75.278354 14.973487
0.918712 0.035430 54.936402 9.310169 59.373020 161.045549 43.536332
1.637892 0.264590 17.852780 45.758212 6.050987 118.313452 14.654734
0.925836 0.139418 35.738192 20.710044 90.346077 63.621859 41.010560
0.806396 0.567300 84.805979 44.498112 18.549684 54.560591 33.739803
0.603191 0.561987 7.359264 70.522519 38.491098 68.952994 39.173148
1.460247 0.044420 12.953430 64.884098 91.406639 148.604017 25.474396
1.246870 0.899032 76.468156 51.121969 35.402019 157.943280 13.782074
