4.986541144007424209e-01
7.589104587266687352e-01
2.504333053133567688e+00
8.974857145689217219e+00
1.651450300388812664e+01
1.630027965839616044e+01
2.747116173692160146e+01
2.042586137361945831e+01
7.029657509427071460e+00
3.092042398629887945e+00
1.504965668295974446e+00
6.527080758774527203e-01
5.821679296624895361e-01
1.051505553692044792e+00
4.725444314685312008e+00
6.942349425838465038e+00
1.005616217378073429e+01
1.400926897039334307e+01
1.710575414196134503e+01
2.386701524947852704e+01
7.017212933849087619e+00
2.991245917673087895e+00
2.371652604430041666e+00
1.773231468345331185e+00
1.269141950899699278e+00
1.236376008076377708e+00
1.829329273042675119e+00
7.257118548642047529e+00
1.467787955689152035e+01
1.785820502023142708e+01
2.390728007381414244e+01
3.022159017906431799e+01
1.450066149647539149e+01
4.478113549300608121e+00
2.603170801796198308e+00
1.652514634199808041e+00
1.422515554326374554e+00
1.446580921350758331e+00
2.377789349633625537e+00
6.780869302265855936e+00
1.057140513145958316e+01
2.567806796615270670e+01
2.183337825598771431e+01
2.617174012698316687e+01
9.309227509479168106e+00
2.328632209760601590e+00
1.458015650211225589e+00
1.025945599860172752e+00
1.257615536788454280e+00
1.938196486465689761e+00
4.850100271863935220e+00
4.786033900038911604e+00
8.460337053167998889e+00
1.380910294996070320e+01
2.193644244983040181e+01
1.886660016090739234e+01
8.066631929368320186e+00
2.900564670243455989e+00
1.188867557905344041e+00
1.403551858674585651e+00
1.221322251222144217e+00
1.667421647733312140e+00
4.852502315447039472e+00
7.963879387161600043e+00
1.175555186982028921e+01
1.920959817383462465e+01
2.986332519151871878e+01
2.380171666255718677e+01
7.960306726086912477e+00
3.679241710383359898e+00
2.193289185458995316e+00
2.127200957536780734e+00
9.949196811454847911e-01
1.409551440653721510e+00
4.288361111410176285e+00
7.969678861743359377e+00
1.073072094385535991e+01
2.019427704528998291e+01
2.558923976750630658e+01
2.219886669556800030e+01
1.298112506324351934e+01
5.908107518880767906e+00
2.765712243603455800e+00
1.718218161528652699e+00
1.862336949315609669e+00
1.623089833194700793e+00
2.369935729196236629e+00
9.081595955806848863e+00
1.572071785261631938e+01
2.196898566028070476e+01
3.451618488601727819e+01
2.367901152763660733e+01
8.015700591221760263e+00
2.418770285508787143e+00
1.442866186548748653e+00
1.234819647190079861e+00
1.323179753484787335e+00
2.780445314453760197e+00
6.623070419978495771e+00
5.698949831426303625e+00
1.170838985219481643e+01
2.179723830140620677e+01
2.358817538541465453e+01
1.884115751236415903e+01
7.353395802095616496e+00
3.584953687941503819e+00
2.044072742070873527e+00
1.580606784984268653e+00
2.710431411296255977e+00
4.107417514979328388e+00
5.556661613149824319e+00
6.469211354259456037e+00
2.115515034270143957e+01
2.418569108220902564e+01
2.722784378156928042e+01
2.260770964179033626e+01
1.063195632646963062e+01
3.502166991099264326e+00
1.734599117822054337e+00
1.556054389755993528e+00
1.671803204156006473e+00
1.693163470590605124e+00
3.909156799117824210e+00
1.193292983783923411e+01
1.567306157082393625e+01
3.153849431539968151e+01
3.345666931693440205e+01
2.386299083055551762e+01
1.333097872572787068e+01
3.931568667192960387e+00
2.200288910448614743e+00
1.677919878655488084e+00
2.121320194420492466e+00
1.423049339480716657e+00
5.332140171748224411e+00
8.467588501723009031e+00
1.576553967411494384e+01
2.545246111451788806e+01
3.276679947213312261e+01
2.520499860111168289e+01
1.072235862388223993e+01
3.522374295602687777e+00
2.080511223982502322e+00
1.522411493345625644e+00
1.079932580542079856e+00
2.008570141621785599e+00
2.864299042977407783e+00
7.544383676851968090e+00
1.483764744010751890e+01
2.088645332470272109e+01
2.425617433276185508e+01
1.501942415985677037e+01
1.014990722678937551e+01
3.609625205273472304e+00
2.123183742227596760e+00
1.409258531300774386e+00
1.735297832594765000e+00
2.455289883425894271e+00
4.927104502437888556e+00
7.020955691208575544e+00
1.353637036703116792e+01
2.373325873209561365e+01
3.714434385801984462e+01
2.794922400586752076e+01
1.003415074931174544e+01
3.061256488600319958e+00
1.735583441023296203e+00
1.202559913803340708e+00
9.526039358798591428e-01
2.033616618493862216e+00
5.771264846042879704e+00
7.025735206135295563e+00
1.312770624085670512e+01
2.190927081035865953e+01
3.193823654887680163e+01
1.981673396419391864e+01
4.657803551235072170e+00
2.417978694088050773e+00
1.371003510751027443e+00
1.464453253202111949e+00
1.220947001854271852e+00
1.526354122979058925e+00
2.643761236840703965e+00
8.003436245380223468e+00
1.241011907034393502e+01
3.019870185992064293e+01
2.884228573080959990e+01
2.633073298919424232e+01
1.075310794775923107e+01
4.835498554532735582e+00
2.490250328694719961e+00
1.782171285390720117e+00
1.629699025530470635e+00
4.154888325413375938e+00
6.473559864794112606e+00
7.004815453967615291e+00
1.031520164678668827e+01
1.840209934065407893e+01
2.554404249281356698e+01
1.651160285368473524e+01
6.529868423193599725e+00
2.869645657734144262e+00
1.687215672048499204e+00
1.266017687827891036e+00
1.639941814044633350e+00
2.344843308837657236e+00
3.027006069014016365e+00
1.106643864380198217e+01
1.589824094228812967e+01
1.816254640311667146e+01
3.222161919486720194e+01
2.145373370531711998e+01
9.204009035340671829e+00
3.089884125969792006e+00
1.664534997928051041e+00
1.023097897961855907e+00
1.179045858622924881e+00
2.030763067439961489e+00
2.092959609664665876e+00
7.799315719739904118e+00
1.587771943503321559e+01
1.812574429203686677e+01
2.126773874761574135e+01
1.965554928872870732e+01
9.108974553867646762e+00
2.794518543219839835e+00
1.597178439266803363e+00
8.619072389472384188e-01
6.170137661980800159e-01
6.849922857710976087e-01
1.503096447544358449e+00
5.430385021701888526e+00
1.224823989707366501e+01
1.245006338777971244e+01
1.754739276438989037e+01
1.265697787672742436e+01
7.169626250842752846e+00
1.870488961900300895e+00
8.978457408781823634e-01
5.431819153646592069e-01
6.413780145527423482e-01
1.178354029495104038e+00
2.859180755689728404e+00
3.488486563112831895e+00
9.889091719758720700e+00
1.379130373018713485e+01
1.854992193315954907e+01
1.207126082095142472e+01
5.086717887993984277e+00
1.811663253059442980e+00
1.079046068950886283e+00
6.045711197368319745e-01
6.560863585186176294e-01
2.252400747319872387e+00
4.934333419645823504e+00
6.439427272554623549e+00
1.106581417280294488e+01
2.036264142510374597e+01
1.892857994378841724e+01
1.954429677151142641e+01
7.276652740000511876e+00
2.380920263226892875e+00
1.139631176702246451e+00
7.440641133502464699e-01
1.289083151173248121e+00
2.232534710273587297e+00
2.742766127228160045e+00
8.950485210849793205e+00
1.422137497153420682e+01
2.642405837054976203e+01
2.741185874224512276e+01
1.728108036874828812e+01
9.131915226109823536e+00
2.827980213117695651e+00
1.649072907419673495e+00
1.106910802062144095e+00
1.717872560594150499e+00
3.249350562011904309e+00
8.065186364744064917e+00
5.682547368440063806e+00
1.265452082372966380e+01
1.772050784730508965e+01
1.727728121332569344e+01
1.462653892250496135e+01
6.864041306972159973e+00
2.493057383432755181e+00
1.193109777132364657e+00
9.177112779584256641e-01
1.689394260793190217e+00
2.388611633243212573e+00
4.063093150487040006e+00
8.839450882389888520e+00
1.363485971642227312e+01
2.422539723328588579e+01
3.633232794342912086e+01
2.147645948947199912e+01
1.090451694843302555e+01
4.471251940127232594e+00
2.711340631497599407e+00
1.570283042473612722e+00
1.947379985013542480e+00
2.954336791242239801e+00
7.196960017650814834e+00
6.606951509537280387e+00
1.792915917777907353e+01
1.564208348815526328e+01
2.258049559068057732e+01
2.231733127159065688e+01
6.848200823174783736e+00
2.713063057906176301e+00
1.693256945567270577e+00
1.562629592553983926e+00
1.285736450027212818e+00
1.723326655688755205e+00
2.371869235954944255e+00
1.175785909606656077e+01
1.519215698309644758e+01
1.877392818861696000e+01
2.270183800648089445e+01
1.741517294694566331e+01
8.905423705473024754e+00
2.756447302139136024e+00
1.384491237728140867e+00
1.120348090066406233e+00
1.941111135158284595e+00
3.082540784655744215e+00
4.757828706359423343e+00
6.817245135092352193e+00
1.208216218730111891e+01
2.289097824239692613e+01
1.947098198524262358e+01
1.537781632708608015e+01
5.056946969519231949e+00
2.291705491678732720e+00
1.352438626517453057e+00
1.662186921484262392e+00
1.353389630308992064e+00
2.042220531473740941e+00
4.124907310740479893e+00
6.928218678622464211e+00
1.345978080318988823e+01
1.814336741382912166e+01
2.545369294826188877e+01
2.278694244963340765e+01
8.725836258382463129e+00
4.082158341612288410e+00
2.253421727684121745e+00
1.404432067695436714e+00
1.281604040017228829e+00
3.273813066712319753e+00
5.545555823546495233e+00
7.223802436979711139e+00
1.278113067765504063e+01
1.796426134119705509e+01
3.210402744488447979e+01
3.755895772737024174e+01
1.164635040214079886e+01
4.757035556654208186e+00
2.922503745602304193e+00
1.646752351989311913e+00
