1.032922 0.761960
0.688403 0.272598
0.616056 0.096970
0.952431 0.716351
0.553303 0.186177
0.834694 0.662178
1.660314 0.195819
0.483075 0.765641
1.221283 0.417350
1.073166 0.613114
1.625167 0.551490
1.768061 0.707963
1.259724 0.236406
1.501290 0.647826
1.197847 0.990021
1.461764 0.815378
0.939257 0.065616
1.497445 0.807508
1.440137 0.126652
0.916381 0.512626
1.028400 0.317848
1.373751 0.890120
0.967079 0.559308
1.535599 0.566836
1.334374 0.763394
0.700410 0.102640
1.004177 0.320520
1.576682 0.553679
1.459872 0.541236
0.700659 0.710790
1.406256 0.462358
0.805619 0.318839
1.063162 0.110140
1.520775 0.838362
1.030530 0.238354
0.680097 0.794965
0.964518 0.160511
0.802517 0.799727
1.151675 0.100003
1.416705 0.288068
0.826929 0.932136
1.666374 0.112825
0.692100 0.292756
0.880219 0.016566
1.758120 0.123621
0.878616 0.513345
1.079776 0.986872
1.570143 0.977494
1.072409 0.906826
0.527336 0.315064
1.477753 0.299243
0.562924 0.133318
0.478185 0.529976
0.892254 0.590465
1.712599 0.720466
0.752935 0.609550
1.067654 0.038464
0.714452 0.488616
0.509354 0.615772
0.579259 0.922352
0.575006 0.276867
1.059525 0.324723
0.657986 0.439556
0.657006 0.176907
0.729150 0.159929
1.694798 0.879998
1.058715 0.483047
1.486990 0.390529
1.517238 0.280676
1.040337 0.681285
0.669906 0.953515
1.042704 0.075044
1.215675 0.780878
0.584335 0.734703
0.555425 0.372588
1.278995 0.987565
1.455239 0.252910
0.922308 0.749391
1.000710 0.506506
0.919171 0.857445
1.529410 0.530815
0.839778 0.055962
0.607408 0.309606
0.675230 0.946557
1.515767 0.657921
1.304242 0.013817
0.645735 0.349938
0.500469 0.325895
0.899146 0.007354
1.076376 0.473202
1.534376 0.868486
0.947471 0.363927
1.643745 0.034572
1.646456 0.248006
1.526181 0.651640
0.970290 0.203161
1.676956 0.385127
1.327902 0.691431
1.557485 0.040261
0.693687 0.865148
1.178907 0.287118
1.727975 0.131062
0.679098 0.775870
1.494372 0.683561
0.681476 0.726770
0.936710 0.114399
1.375838 0.174581
1.251103 0.996558
1.180350 0.104175
1.204018 0.991127
1.356195 0.259529
0.979820 0.350909
1.615834 0.722348
0.749162 0.217015
1.500619 0.600865
0.789132 0.905485
1.134837 0.787469
0.985595 0.246746
1.600185 0.572775
1.258172 0.216184
1.748985 0.171687
0.934472 0.044045
0.744097 0.464483
1.723758 0.136967
1.235208 0.068762
1.203108 0.167501
1.414854 0.971581
0.810894 0.166356
1.587875 0.433733
1.205326 0.988255
0.600031 0.673463
1.365565 0.415616
1.225778 0.289434
0.942021 0.430880
1.507712 0.181041
1.305885 0.282076
0.594538 0.493989
1.454796 0.418566
0.552205 0.295758
1.633918 0.480519
1.654779 0.523616
0.612188 0.632849
0.690692 0.243398
0.617100 0.732823
1.544840 0.475328
1.256884 0.411781
0.815622 0.692815
1.165954 0.746407
1.152732 0.455020
1.411462 0.594907
1.651673 0.886134
1.035366 0.992844
1.037806 0.046541
1.100392 0.781847
1.252897 0.312507
0.536887 0.650289
0.654200 0.712859
0.535453 0.169808
0.695533 0.995831
1.443698 0.375720
0.594312 0.101637
0.663214 0.297433
1.530566 0.800569
1.473719 0.233454
0.850309 0.516570
1.066577 0.617263
1.347819 0.340315
1.757056 0.440840
0.566551 0.327387
1.277470 0.371179
1.488396 0.668224
1.683776 0.461559
1.044232 0.482895
1.635926 0.428335
0.912076 0.929810
1.626349 0.341979
1.073998 0.773353
1.064002 0.961181
1.239606 0.739931
0.887848 0.353341
0.635249 0.820364
1.699850 0.382515
0.974335 0.283869
0.489704 0.844618
1.097627 0.968969
1.228222 0.880739
1.632207 0.834448
1.382923 0.370302
1.131348 0.850422
0.505916 0.120224
1.484079 0.491687
1.717237 0.891060
1.330725 0.360875
1.726103 0.801106
1.432619 0.542756
1.250527 0.017469
1.263213 0.885882
0.632613 0.487152
1.090029 0.859435
1.738764 0.525463
0.666944 0.951017
0.525910 0.531927
1.101951 0.826420
1.613988 0.173241
0.489638 0.005965
1.249389 0.620833
0.841268 0.028097
0.876404 0.001203
1.227103 0.220123
1.290078 0.795864
0.736690 0.460853
0.938881 0.522676
0.889452 0.381293
0.919515 0.222289
0.847370 0.568555
1.628717 0.645402
1.679151 0.240907
1.087444 0.445910
0.642163 0.728783
1.768797 0.194927
0.487281 0.705278
1.707134 0.913862
1.731893 0.772718
1.193663 0.172022
1.524089 0.067846
1.288778 0.221664
0.777068 0.927926
1.641886 0.627445
1.176073 0.457399
0.491924 0.616940
1.144511 0.263657
0.502831 0.025332
1.425606 0.641471
1.108939 0.305315
0.776367 0.757539
1.401299 0.352123
1.531488 0.633291
0.550354 0.898025
1.080757 0.500809
0.621285 0.164498
1.404638 0.156587
1.590112 0.862008
1.602877 0.585416
1.255733 0.893176
0.955179 0.420370
0.823973 0.467188
1.011418 0.561096
1.572366 0.963146
0.999994 0.404210
0.646913 0.105362
1.588760 0.948477
0.687444 0.308654
0.809982 0.786638
0.532317 0.923257
1.495388 0.819905
0.778303 0.607595
1.444953 0.400188
1.241337 0.758286
0.882375 0.655959
0.783295 0.298069
1.741658 0.925235
0.628666 0.319067
1.190580 0.422916
0.950110 0.881861
1.262239 0.646233
0.533173 0.854716
1.270019 0.393154
0.755808 0.356246
0.917125 0.429434
0.997604 0.014126
0.961852 0.459788
1.337687 0.189614
0.609269 0.980956
1.618570 0.936886
0.547692 0.521928
1.420684 0.976711
0.897754 0.443441
0.520528 0.760038
1.298486 0.804704
1.228863 0.163743
1.033472 0.161797
0.832054 0.589770
1.548940 0.365642
1.182631 0.842908
1.114309 0.338262
0.851371 0.027393
1.583217 0.848169
0.636797 0.659058
0.857736 0.012516
1.223281 0.202671
1.339303 0.410231
0.874930 0.061301
1.507346 0.831658
0.607860 0.535484
1.294536 0.721446
1.119243 0.813520
0.763691 0.472802
1.451511 0.708975
0.779379 0.270410
1.646235 0.076259
0.864786 0.206981
0.599284 0.812363
1.772214 0.107469
1.021339 0.006564
0.514489 0.870713
0.578672 0.396753
0.773106 0.056653
1.274734 0.696658
0.895930 0.909455
1.670157 0.788944
0.774858 0.899742
1.475505 0.210854
1.527341 0.476142
1.561532 0.444555
0.716793 0.798820
0.637716 0.915350
0.994144 0.837243
0.790256 0.468222
1.209203 0.950642
1.640902 0.520166
1.686764 0.059155
1.353488 0.809115
1.448572 0.582448
1.736925 0.587567
0.817809 0.191259
0.671446 0.769107
0.986168 0.917623
0.983247 0.623089
0.689363 0.142623
1.357643 0.022422
0.516614 0.736969
1.539579 0.878120
1.748021 0.278456
1.116804 0.490308
1.710000 0.644628
1.492231 0.817206
1.285483 0.833429
1.364474 0.547705
1.577888 0.740420
1.213499 0.575742
0.924859 0.993437
1.721800 0.934763
1.437623 0.345539
0.770847 0.273939
0.927283 0.469207
1.009167 0.649844
1.740540 0.257391
0.771307 0.918297
1.429657 0.830013
1.188402 0.978382
1.538668 0.023043
1.045637 0.806017
1.182685 0.436504
0.674199 0.033524
0.660438 0.218262
1.393827 0.853006
1.502447 0.907898
0.639669 0.225143
0.854653 0.095943
1.374256 0.362223
1.195593 0.118529
1.264071 0.137053
1.053595 0.070123
0.949315 0.253936
1.754675 0.383025
0.879002 0.509852
1.381335 0.496935
0.634125 0.902280
1.390890 0.527493
0.475423 0.614975
1.061989 0.544103
1.148386 0.277272
0.471298 0.911360
1.057318 0.985741
0.989628 0.875948
0.965837 0.503177
0.703836 0.656690
1.283728 0.392613
1.764003 0.155461
0.483469 0.640113
1.201196 0.035404
1.383320 0.637301
1.623804 0.964596
1.176441 0.933641
1.450736 0.884957
1.779627 0.078822
1.676049 0.711368
1.273651 0.556897
1.358502 0.704557
1.580998 0.574658
1.387890 0.910214
0.720790 0.943290
0.857958 0.776731
0.827939 0.605885
1.055473 0.421051
0.567015 0.231840
0.804633 0.342243
1.019699 0.285666
0.768026 0.803344
1.081941 0.894361
1.410303 0.424116
1.220476 0.117895
0.528361 0.873742
1.200322 0.479743
0.905694 0.050626
0.485148 0.374742
0.738352 0.251243
0.485900 0.713541
1.730267 0.066642
1.716682 0.793242
0.860386 0.489260
0.615318 0.889588
1.586687 0.138606
1.077227 0.377642
0.649807 0.412428
0.519200 0.567609
0.842815 0.638384
0.549007 0.091685
0.580481 0.416097
1.639207 0.175119
1.002227 0.832774
1.540489 0.626371
1.593396 0.619695
1.092902 0.369558
1.546505 0.507325
1.726302 0.824317
1.137904 0.545036
1.366133 0.603091
0.855550 0.268548
1.126951 0.147051
0.713284 0.843993
0.835552 0.219441
1.172863 0.450391
1.117226 0.514321
1.377141 0.407203
1.316059 0.727733
0.745263 0.942078
1.354686 0.367799
0.543287 0.895433
1.132158 0.477882
1.777697 0.717422
1.564914 0.608564
1.328534 0.368657
1.759953 0.822102
0.659227 0.124259
1.234405 0.576599
1.193064 0.275458
1.427493 0.792084
0.539867 0.086392
1.751918 0.916247
1.412495 0.121185
0.911138 0.127803
1.160655 0.441421
0.968240 0.771470
1.266059 0.505716
0.473430 0.998901
0.813074 0.827150
1.466723 0.187568
1.106083 0.036205
1.471036 0.938366
1.331995 0.661655
0.781265 0.499862
1.325524 0.896868
1.300698 0.688811
0.507175 0.515881
0.872849 0.474288
0.481634 0.747891
0.921383 0.768899
1.433691 0.196387
1.371055 0.388061
1.352453 0.051691
1.271741 0.387182
0.913846 0.290645
0.803898 0.621119
1.232822 0.956988
0.601822 0.265896
1.627748 0.129132
0.849442 0.209632
0.512227 0.863248
1.423064 0.179610
1.398703 0.748369
1.522111 0.135211
0.800661 0.339498
1.453801 0.680110
0.908710 0.624044
1.007489 0.586563
0.709940 0.394137
0.731348 0.471118
1.603277 0.122440
1.617527 0.077077
1.583963 0.729921
1.644843 0.053779
1.605328 0.226607
1.401673 0.242256
1.299413 0.108551
1.513029 0.770335
0.514780 0.557151
1.129555 0.244710
1.536573 0.940300
1.556905 0.939144
1.671833 0.115603
0.932432 0.391771
1.291675 0.802206
1.052253 0.930516
0.574370 0.307999
1.295324 0.054351
1.214243 0.751085
1.457727 0.599001
1.667856 0.085589
1.669660 0.262181
1.168895 0.311858
1.051603 0.797229
1.093876 0.725356
1.620006 0.486239
1.097356 0.456046
0.576776 0.247009
1.708457 0.974645
1.697111 0.733101
0.640781 0.983662
0.668564 0.408261
1.598688 0.177254
0.987974 0.872425
1.481680 0.840051
0.943036 0.588431
1.568010 0.914710
1.541708 0.654834
0.604984 0.326293
0.747556 0.597516
1.418446 0.032890
0.894205 0.354668
0.558868 0.223718
1.408229 0.139320
1.508968 0.438604
0.518218 0.182612
1.128838 0.279267
1.206854 0.409866
0.861898 0.330090
1.585363 0.170365
0.754506 0.316723
1.158796 0.784485
0.960487 0.149295
1.091028 0.719183
0.935864 0.303753
1.146511 0.397013
0.797453 0.116755
0.529294 0.548684
0.631457 0.366760
0.930706 0.431641
1.359768 0.449941
0.596336 0.564442
0.557201 0.395492
0.823666 0.634509
0.565309 0.300420
1.392516 0.686836
1.174462 0.258469
0.784423 0.846174
1.573289 0.098371
0.661722 0.756438
1.095601 0.434663
1.662099 0.672700
0.977853 0.639845
1.735444 0.744367
0.664824 0.723593
1.543930 0.145609
1.553151 0.306273
1.018245 0.113569
1.153874 0.481413
0.546965 0.866923
1.282805 0.152125
0.871740 0.302016
0.956797 0.808399
1.253613 0.426221
0.698007 0.002886
1.746441 0.944757
1.145028 0.346032
0.950809 0.021850
0.717636 0.296501
1.218484 0.502202
1.245909 0.690758
0.887980 0.343133
1.055870 0.534561
0.618661 0.970440
0.723396 0.839801
0.651185 0.912504
0.886060 0.204078
0.508984 0.570258
0.560254 0.643223
1.596059 0.405966
0.866802 0.924618
0.959693 0.666421
0.759160 0.498280
0.538425 0.207457
0.870057 0.097379
0.501878 0.425526
1.267866 0.811068
0.611257 0.452432
1.149270 0.437200
0.843755 0.109520
1.736757 0.684515
1.377853 0.959793
1.335891 0.047938
0.978924 0.249222
1.777205 0.313092
0.496877 0.020600
1.211885 0.448319
1.720421 0.208755
1.752897 0.198446
1.750639 0.199387
1.689362 0.706788
0.963737 0.678992
1.656277 0.228824
1.223205 0.764228
1.312050 0.596696
1.310040 0.869752
1.238467 0.261942
1.324953 0.679588
0.991422 0.759669
1.395126 0.533326
1.151186 0.213122
1.125873 0.470573
0.685568 0.256327
1.320345 0.674230
0.981895 0.999420
1.243746 0.045805
0.474743 0.526840
1.477268 0.266679
1.302719 0.618841
0.591676 0.031226
1.722426 0.835155
1.156772 0.664367
1.323024 0.389645
1.078463 0.648600
0.739297 0.495052
0.954250 0.018692
1.524953 0.636338
0.677974 0.359793
0.743245 0.730335
0.787033 0.724129
0.655921 0.504105
0.786076 0.670925
1.379641 0.384384
0.598064 0.423055
0.730301 0.550918
1.519337 0.232414
1.023622 0.847687
1.607214 0.630251
0.570736 0.994010
0.715623 0.888125
0.808626 0.039509
0.946241 0.693015
1.760914 0.015568
0.581461 0.625198
1.597250 0.234677
1.171264 0.003535
1.089125 0.883430
1.620473 0.945072
1.336971 0.130937
1.170368 0.697134
0.622073 0.904180
1.305533 0.140184
0.477383 0.106758
1.261118 0.064017
1.697880 0.984049
1.706460 0.510024
0.653335 0.549392
0.719286 0.344317
1.491650 0.876763
0.868817 0.000518
1.648118 0.267380
1.533374 0.578852
1.280897 0.008962
1.551544 0.380430
1.514722 0.336875
1.115546 0.201685
0.585827 0.687481
1.361358 0.301282
1.363026 0.497317
1.499277 0.214271
0.563882 0.745428
1.567599 0.132566
1.124191 0.224974
0.791716 0.629664
1.657744 0.128706
1.021939 0.427685
1.099675 0.543094
1.135660 0.401718
1.349173 0.361662
1.385898 0.709276
0.721730 0.957688
1.622007 0.314231
0.676060 0.125471
1.187813 0.071560
1.342961 0.337818
1.199157 0.908159
1.637950 0.741882
1.010457 0.828586
1.083109 0.573145
0.863852 0.539698
0.705881 0.864493
1.631154 0.403614
0.750520 0.197379
0.569155 0.631175
1.347496 0.783958
1.650744 0.168375
0.830004 0.949547
0.586685 0.334645
1.674799 0.920118
1.351594 0.592745
0.544765 0.703559
0.705339 0.072650
1.554411 0.419424
0.990857 0.052573
0.998657 0.286372
1.673406 0.184092
1.555222 0.579173
0.901588 0.250206
0.792613 0.094784
1.774387 0.042728
1.743778 0.185560
1.320175 0.762198
1.047168 0.537574
1.755695 0.087985
1.313044 0.767982
1.472216 0.903305
0.821998 0.565082
1.004590 0.754370
1.653287 0.700582
0.665233 0.825860
0.945060 0.466090
0.683122 0.376477
1.141441 0.540322
1.465116 0.079517
0.762948 0.157010
0.648628 0.737554
0.813361 0.810402
1.109994 0.230024
1.468602 0.485323
1.761727 0.606032
0.765044 0.188314
0.844893 0.332538
0.767045 0.178862
1.142692 0.622230
1.391884 0.413038
0.493401 0.501637
0.941457 0.735629
0.740396 0.049127
0.923894 0.399023
0.957963 0.099503
0.541629 0.849064
1.292776 0.193735
1.385155 0.669223
1.041967 0.610032
1.231633 0.612317
1.271050 0.958054
0.588285 0.190468
1.511269 0.790282
1.485395 0.782560
0.794348 0.494301
0.707230 0.048574
1.286742 0.158049
1.140276 0.355946
1.775420 0.162647
0.759739 0.928656
1.613521 0.304769
1.608632 0.851685
1.610597 0.229180
0.761019 0.328724
0.816627 0.676011
1.027565 0.966835
1.413579 0.694576
1.719685 0.973520
1.700558 0.111828
1.105329 0.937414
0.837727 0.852677
1.244698 0.024651
1.159403 0.264418
0.874046 0.141506
1.112727 0.563721
1.703782 0.743733
0.724362 0.947114
1.322540 0.029245
0.891036 0.254850
1.470738 0.291569
1.692330 0.860897
0.630286 0.478340
0.860047 0.901348
1.566153 0.465614
1.605932 0.979295
1.031622 0.089543
1.403796 0.103009
0.867578 0.323171
0.644473 0.778443
0.583927 0.689049
1.138920 0.063650
1.345303 0.215518
1.103939 0.284307
0.727170 0.660839
1.713718 0.517071
1.208436 0.952107
0.735383 0.080716
1.482856 0.887711
1.389544 0.663022
1.744938 0.092771
1.457901 0.665680
0.494727 0.982264
0.694690 0.373723
1.236733 0.546633
1.344345 0.805152
0.852539 0.919609
1.122989 0.454622
0.702886 0.043470
1.504750 0.593664
0.672839 0.335686
1.369320 0.073828
0.795831 0.241495
0.536783 0.796711
1.247998 0.271508
1.242461 0.148989
1.495841 0.492716
0.993796 0.581758
0.604663 0.611145
0.807015 0.060649
0.472516 0.858775
1.026236 0.695138
1.230093 0.931219
1.155334 0.675113
0.831364 0.715520
1.340967 0.398609
1.729332 0.435520
0.882799 0.153814
0.523551 0.671162
1.710897 0.829995
1.663513 0.536609
1.440875 0.062554
1.611944 0.855421
1.592041 0.379625
1.069130 0.602221
1.309130 0.037379
1.691547 0.093532
0.748864 0.897692
0.974412 0.954131
1.024991 0.235725
0.732827 0.583359
1.658815 0.239980
1.446947 0.227346
0.742252 0.274187
1.570818 0.447798
0.929459 0.755956
1.464194 0.580429
0.902807 0.463974
0.570878 0.378657
0.712051 0.989237
0.543813 0.653275
1.662481 0.269183
1.771553 0.211815
1.013111 0.742527
1.185084 0.682134
1.438379 0.532805
0.521301 0.386531
0.818866 0.685606
1.665205 0.836135
1.574742 0.714047
0.593124 0.414250
1.505384 0.528094
1.110746 0.552812
1.341570 0.205349
1.704206 0.699374
1.732889 0.260452
1.167487 0.900375
1.211288 0.058629
1.421963 0.081892
0.995761 0.358545
0.907433 0.237610
1.085286 0.294017
1.398887 0.347191
1.424939 0.180358
0.560629 0.701684
1.594243 0.011539
1.330422 0.310861
0.623427 0.442537
1.480710 0.874430
1.189449 0.571500
1.579668 0.604647
1.461537 0.789171
0.697557 0.814759
1.372097 0.406349
0.495562 0.119606
0.909919 0.351438
0.846724 0.030622
0.894933 0.591709
0.914208 0.333087
1.120937 0.146310
1.279709 0.069863
1.006580 0.774863
1.550403 0.357739
1.133752 0.321174
0.613052 0.329856
1.695070 0.718357
1.563516 0.667859
1.630624 0.524603
1.546846 0.823199
0.797763 0.698032
0.625088 0.752850
1.467753 0.877590
1.678178 0.088012
1.368091 0.183502
0.627485 0.453166
0.931748 0.555764
0.479334 0.871345
0.884994 0.577814
1.578683 0.816408
0.976852 0.554268
1.690791 0.562429
1.428159 0.458349
1.683022 0.281132
1.015034 0.779883
1.297647 0.967654
1.014072 0.322217
0.572448 0.628588
1.196044 0.154970
0.602749 0.074134
1.121482 0.293812
1.308239 0.960053
1.266483 0.402972
0.972084 0.026029
1.443156 0.785260
0.644196 0.057556
1.765538 0.090046
0.554764 0.150127
1.185370 0.935921
0.708883 0.955765
0.524017 0.731593
1.684577 0.151773
0.753840 0.519565
1.086066 0.192302
1.479861 0.975844
1.435771 0.518394
0.983923 0.642552
1.407439 0.997948
1.288514 0.962425
0.769121 0.019100
1.316392 0.658544
1.314356 0.972437
1.065298 0.821256
1.635273 0.856189
1.430725 0.004049
0.626828 0.348157
0.926887 0.009838
1.702348 0.558264
0.530334 0.212759
1.560722 0.511624
0.900913 0.432589
1.518070 0.753843
0.497765 0.082089
0.684405 0.777295
1.601790 0.892329
1.447371 0.882572
0.725856 0.144657
0.758084 0.084506
1.649499 0.845355
1.559086 0.560703
1.434716 0.569768
1.164831 0.738503
0.839031 0.921251
0.903708 0.364293
0.510889 0.255625
1.107059 0.331447
0.620189 0.926132
1.177497 0.451465
0.590132 0.041388
1.318358 0.867995
1.687494 0.245579
1.766250 0.134855
1.681323 0.446187
0.499198 0.969406
0.733810 0.165388
1.037044 0.841486
1.715268 0.484335
1.048907 0.861898
0.820133 0.595815
0.781893 0.702866
1.397109 0.598907
0.971019 0.010853
1.017340 0.965912
1.770438 0.143427
1.161697 0.766820
1.417928 0.601369
0.833289 0.818183
1.489616 0.791189
0.504456 0.635729
1.742521 0.941446
1.071131 0.584436
1.050101 0.538245
1.038724 0.508108
0.799126 0.200492
1.275830 0.750671
1.163407 0.677803
1.217076 0.981128
0.826232 0.083909
1.512338 0.652188
