2.270969332511961536e+00
2.430505067897664073e+00
4.893404929182720409e+00
1.148385759879743873e+01
1.895404871891059173e+01
1.771979486311757057e+01
2.833273141357824088e+01
2.180559830433523061e+01
8.077922877358080456e+00
4.237799895415296447e+00
3.021152571273600262e+00
2.431689269684889965e+00
2.662076376332928263e+00
2.623071859083532686e+00
5.869731203834112065e+00
7.569014520986495853e+00
1.111461027985958339e+01
1.453230980716147158e+01
1.742951337218726238e+01
2.492700310894463556e+01
7.631080702523136416e+00
3.542069604371327785e+00
3.331459280179584148e+00
2.926577974398335780e+00
2.333430964043366362e+00
2.452847095371916808e+00
3.740985144246527838e+00
9.577324949580287239e+00
1.568729797893273670e+01
1.833295317182553319e+01
2.414390436755481772e+01
3.119501753961984036e+01
1.601434655438976051e+01
5.142293552984831706e+00
3.291739834371839812e+00
2.648622779336448296e+00
2.674808825572223991e+00
2.241148634146368224e+00
2.676250142720640213e+00
7.372898449042176061e+00
1.100049207353855962e+01
2.583746494084223855e+01
2.232750598292966515e+01
2.854978453004543937e+01
1.279709717340902309e+01
3.841410309024384073e+00
2.961575165987711866e+00
2.505201493095821075e+00
2.563578813664857403e+00
3.201840979881984239e+00
5.591542573812096961e+00
5.198271873425280631e+00
8.880166525658111709e+00
1.411528610149056107e+01
2.282095939217932568e+01
2.300742872586662813e+01
9.937301693559550841e+00
4.292339313062016437e+00
2.519698210720243470e+00
2.951325375581951960e+00
3.008500579483776249e+00
3.311422868855808055e+00
6.699517394872319009e+00
9.418454101701502879e+00
1.263508273578585595e+01
1.956923478836467467e+01
3.032309001835008289e+01
2.619030796104268788e+01
9.212411749729536581e+00
4.853050368701183004e+00
3.741067184965631842e+00
4.317076909545984442e+00
2.675530588753151751e+00
2.775743713751039898e+00
6.366785954482943488e+00
9.559950487910784389e+00
1.285537884082214610e+01
2.088989664948057623e+01
2.583519356697408043e+01
2.250103843097395284e+01
1.337300408803391782e+01
6.957048871934206957e+00
3.902426703894527726e+00
2.807180502770304287e+00
2.928740428783872307e+00
2.230617088811519988e+00
3.734978989857407949e+00
9.922387204205568523e+00
1.618963434875289664e+01
2.217332099510784005e+01
3.667904558272512361e+01
2.784910442527872121e+01
1.107672700339238325e+01
4.995507155223167572e+00
3.142792323532800136e+00
2.791325112042239986e+00
2.853305628697727858e+00
4.187552308828415448e+00
7.511520009472127946e+00
6.377435812402560522e+00
1.242462516818342344e+01
2.209388453362713989e+01
2.419076241845107234e+01
2.168721464075481364e+01
9.204952219568639293e+00
4.795148039015807662e+00
3.142792623354623949e+00
2.866999054223231980e+00
3.870235071353087974e+00
5.864276392849152586e+00
8.275236976820735890e+00
8.909542000187135713e+00
2.197456686720460795e+01
2.441994416930419476e+01
2.779650484168320190e+01
2.520042982410700461e+01
1.392659094318220703e+01
5.201872039207296794e+00
3.090659972799743915e+00
3.539665335794688339e+00
3.616541894871935892e+00
4.270538513424384064e+00
6.559457660163071857e+00
1.442308730987404886e+01
1.707899835798950505e+01
3.204606189224448087e+01
3.376253973063167990e+01
2.449215910129190377e+01
1.558735335752832007e+01
5.323433280228863751e+00
3.388556725028352368e+00
2.973666638247551841e+00
3.500507032830719734e+00
3.280441787968896072e+00
7.542273128462208653e+00
1.063237095638208096e+01
1.680367653745804901e+01
2.583742347600998812e+01
3.316364429588351470e+01
2.696425608250368100e+01
1.987704287687001425e+01
6.869843732431871963e+00
4.118399096817023874e+00
3.175464820309631619e+00
2.259197302258483475e+00
2.524660581191385145e+00
4.657733676969984415e+00
9.619527932646912305e+00
1.538484344053632036e+01
2.122502522847321416e+01
2.607710570776396608e+01
1.625714433202751863e+01
1.109907303690700964e+01
4.282241161488768100e+00
2.914406178819839877e+00
2.325262440744230386e+00
2.653668996295679872e+00
3.247055299708415887e+00
5.302291683581567661e+00
7.896701440776960013e+00
1.403470143288461003e+01
2.388622007867327923e+01
3.827999257796736288e+01
3.117854898433152044e+01
1.326625608864038419e+01
4.576051024024319958e+00
3.117968662405248281e+00
3.076727668180992303e+00
2.764658009579904263e+00
3.475265191269119924e+00
7.264554803161344942e+00
8.911032824756736304e+00
1.395112061323123243e+01
2.226740502561868595e+01
3.391410508049663974e+01
2.671265318224896390e+01
9.946713066424704763e+00
5.102388362297087809e+00
3.093142142450303833e+00
2.766579720190847969e+00
2.500156478053900511e+00
2.242429999507699279e+00
3.572338537415807647e+00
9.788331917005056226e+00
1.310762578465497619e+01
3.068566973124479702e+01
2.933955395459712179e+01
2.868422408362367904e+01
1.260344557373759855e+01
6.159700104212736171e+00
3.472960639749119949e+00
2.805258602798208045e+00
2.803576202603135670e+00
5.027510654830080306e+00
7.108158958139519257e+00
8.154875767389695440e+00
1.109539026758246472e+01
1.872270193362624013e+01
2.605381011749260622e+01
2.315437026564211109e+01
1.239243220222387087e+01
5.167276937614080801e+00
3.361249003268735880e+00
2.873725541064576117e+00
2.800693478885760257e+00
3.539630827354751652e+00
4.786020302856192288e+00
1.225838316657139160e+01
1.676140954506201908e+01
1.843970681786342780e+01
3.252007007042688258e+01
2.210330077991193676e+01
1.201534430851699220e+01
5.282831003800319891e+00
3.184993741739904127e+00
2.510726170718822647e+00
2.514570363850406221e+00
2.605518407204121534e+00
2.663758631877120031e+00
8.035723084500864033e+00
1.620044965834905781e+01
1.828826818479935667e+01
2.175738658420377192e+01
2.269068456887769614e+01
1.144662176388902353e+01
4.429269867884543466e+00
3.289260307887360124e+00
2.297876497574745436e+00
1.862324873334144204e+00
1.666157891644108879e+00
1.927909358248780736e+00
5.640146168957568484e+00
1.248924849586675201e+01
1.272507867731635045e+01
1.957314689771443028e+01
1.867261050160934488e+01
1.103949574471180917e+01
3.848132232787967677e+00
2.586722675157158591e+00
1.925026293418329537e+00
1.838780592957849569e+00
2.243254886667993553e+00
3.720805060408703735e+00
3.957038504841599913e+00
1.027257134135040140e+01
1.441315154074866989e+01
2.103595875924595404e+01
1.611558411532991997e+01
7.457308318119168611e+00
3.260989224417023546e+00
2.554450383444019312e+00
1.929591074902694547e+00
1.785207654379814102e+00
3.390151443119999719e+00
5.738322412313856091e+00
6.787041718376448429e+00
1.145887213119551973e+01
2.070122689449677011e+01
1.924281700646515247e+01
2.109840034926643071e+01
9.942248011991038581e+00
3.825306818366976280e+00
2.460115952791833482e+00
2.110970757442521606e+00
2.812224918168575893e+00
3.580060196011391582e+00
3.802727697054335998e+00
9.681588543809663605e+00
1.505066289552115322e+01
2.668394868792191588e+01
2.771048469796992109e+01
1.840001576833843089e+01
1.118347929760204806e+01
4.573650576860928574e+00
3.269398295554560185e+00
2.615470406684237137e+00
3.093301050647039752e+00
5.084246101646591853e+00
8.722801972103038537e+00
6.119261548910207793e+00
1.321764902450380852e+01
1.797548340906777398e+01
1.761592973998233802e+01
1.623270129207552159e+01
8.611651291735295644e+00
4.844158371395711704e+00
3.117968891216640337e+00
2.507123848849689640e+00
3.321770716778111865e+00
4.275326023599744119e+00
4.654611558676223559e+00
9.562432186788480948e+00
1.416057772537728177e+01
2.443731821280115568e+01
3.663170979205247590e+01
2.209554150682751938e+01
1.188105308258112025e+01
5.447637135027071587e+00
3.976899033845375797e+00
3.060872422103808610e+00
2.885016560064767699e+00
3.683790591316991936e+00
7.917763208548608489e+00
6.836691270885120630e+00
1.814516881435814355e+01
1.581077734322342465e+01
2.424697484976575979e+01
2.864667184727040095e+01
1.160549020004313547e+01
4.988780713092096697e+00
3.991793208955775718e+00
4.207767498119808103e+00
2.995525482338304180e+00
2.782658131015679714e+00
4.267106066392703845e+00
1.276232122139558456e+01
1.572813723295296029e+01
1.918692326733926379e+01
2.350656252520358791e+01
1.930267621270541056e+01
1.124554167350553691e+01
4.327165669332096343e+00
3.140309701519488517e+00
2.567183043873599857e+00
3.139188893900927368e+00
4.425281106718464308e+00
5.108417190054144186e+00
7.333183163919744452e+00
1.244528603209612605e+01
2.330531457667891360e+01
2.081926515018585633e+01
1.977268239285119833e+01
7.757683668436608393e+00
4.196955991526784224e+00
3.050941947200639603e+00
3.302550428349311673e+00
2.336073497341517147e+00
3.894446333255039860e+00
5.714780939216640654e+00
9.214884477622655723e+00
1.433932671021696059e+01
1.847198076727564597e+01
2.558294868244377795e+01
2.315069193052454466e+01
9.408520860021505783e+00
4.822535731671935721e+00
3.229678066002048098e+00
2.605380748484659392e+00
2.839853817482112408e+00
4.447679159319552156e+00
5.819762485733759760e+00
7.385313728871936156e+00
1.344227238165542460e+01
1.878476106145996738e+01
3.295921754433023665e+01
4.230815369814143878e+01
1.429151126248627257e+01
6.307446652435585221e+00
4.249969187218559874e+00
3.077928491406336509e+00
