1.543523 0.574542
0.856538 0.956370
0.759342 0.123195
1.373489 0.647459
1.315660 0.544855
1.470936 0.385500
1.582469 0.868898
0.949199 0.020496
1.294819 0.747853
1.123865 0.541065
1.074700 0.429372
0.953484 0.209692
1.288589 0.672435
1.244451 0.048157
1.412467 0.081871
0.980771 0.558676
1.285347 0.432420
0.822944 0.109845
1.616220 0.388686
0.930935 0.929306
0.694690 0.592561
0.895331 0.579623
0.609494 0.548810
1.397584 0.403825
1.178887 0.997743
1.722559 0.582206
0.782529 0.660166
1.590617 0.742390
0.565409 0.390563
1.540223 0.940668
0.799635 0.551032
1.324991 0.102882
1.769891 0.970131
0.892639 0.887250
1.154643 0.160217
0.951694 0.618567
1.734465 0.467965
1.248112 0.225102
1.488317 0.648351
0.847553 0.463400
1.077156 0.021227
0.764521 0.453086
1.525340 0.417262
0.807254 0.284122
1.699957 0.073537
1.370725 0.131974
1.712359 0.229840
0.482889 0.090969
1.775793 0.789351
0.947360 0.308386
1.161609 0.934806
1.728435 0.141133
0.981957 0.625055
1.499541 0.977804
0.499117 0.644516
1.658054 0.683819
0.870546 0.877200
1.715406 0.212965
1.033869 0.768140
0.472436 0.154102
0.503746 0.788249
1.393137 0.811996
0.970167 0.727512
1.476391 0.926984
1.668336 0.653390
1.761206 0.215818
0.911019 0.959458
0.476742 0.329843
0.932454 0.103586
1.099639 0.885744
0.878239 0.888495
1.149635 0.264947
1.647483 0.677811
0.709600 0.995301
1.664636 0.770464
1.151550 0.340981
1.131519 0.430290
0.617304 0.845605
1.579037 0.902229
1.108407 0.494116
1.148237 0.271864
1.701782 0.536108
1.206176 0.591223
1.564495 0.231644
1.299118 0.248390
0.483494 0.550013
1.469003 0.699353
0.958970 0.402052
0.549379 0.987378
1.527730 0.411010
0.487161 0.881288
0.791980 0.344028
1.456620 0.199687
0.752770 0.643083
1.300591 0.097096
0.886443 0.526455
0.692815 0.759883
1.425899 0.079565
1.514874 0.436066
1.634446 0.019423
1.493964 0.598623
1.101309 0.624203
0.982374 0.500408
0.743981 0.676300
0.629557 0.896815
0.672868 0.239053
0.846838 0.255387
1.736280 0.507713
1.625882 0.354155
1.091922 0.372303
0.966500 0.176467
1.368498 0.184465
0.574475 0.051219
1.075785 0.219625
1.731341 0.716278
0.607824 0.040102
1.649010 0.631549
0.927313 0.060877
1.755214 0.519430
1.760107 0.041730
0.803541 0.765486
1.183913 0.247099
1.181752 0.025696
0.794004 0.569796
1.328963 0.739552
1.643632 0.442057
1.641676 0.829740
1.040431 0.510509
0.984780 0.589684
1.221274 0.179636
0.584655 0.617650
0.701687 0.330366
0.592287 0.201248
1.629990 0.654304
1.291860 0.451501
1.505097 0.951265
1.461673 0.599429
1.531866 0.831400
1.119793 0.094644
1.102493 0.497678
1.538374 0.297088
1.400600 0.018689
0.697031 0.361241
1.778892 0.373284
1.398794 0.721084
1.530150 0.988061
1.596904 0.632016
0.616229 0.106767
1.696985 0.962261
1.176776 0.533270
1.050652 0.087211
0.538676 0.969959
1.609184 0.492335
0.902352 0.714664
1.092353 0.008807
0.691535 0.210066
0.728916 0.286724
1.065232 0.819347
0.520581 0.471411
1.441266 0.833741
1.213224 0.111736
0.886807 0.475547
0.766310 0.317462
0.492095 0.771606
0.635122 0.178141
0.943376 0.312313
0.556359 0.181456
0.579619 0.824837
1.467674 0.014681
0.526745 0.517372
1.145639 0.262544
0.868060 0.487083
1.449515 0.244118
0.612725 0.965253
1.214334 0.899057
0.831785 0.800150
0.470583 0.431929
1.408031 0.392610
1.389129 0.455148
1.104116 0.793169
1.055610 0.760371
1.484554 0.464992
1.068645 0.350776
1.571908 0.398798
1.262900 0.291451
1.237985 0.293892
1.236537 0.986667
1.744401 0.696129
1.002416 0.953708
1.705531 0.267777
1.340166 0.351393
1.474400 0.380214
0.976280 0.400793
0.738809 0.427867
0.792391 0.858841
0.647768 0.499021
0.625998 0.196775
1.174262 0.971328
1.711346 0.593954
1.423006 0.503193
1.162098 0.608700
1.708711 0.852090
0.528228 0.023227
1.639279 0.200373
1.703673 0.370209
1.275974 0.349267
1.228866 0.844613
0.785281 0.406138
0.604777 0.306059
1.133107 0.491065
1.508888 0.818848
1.028990 0.713730
1.197532 0.915155
0.828777 0.148910
1.480110 0.807520
0.533437 0.165754
0.862953 0.323079
0.567887 0.414023
1.209031 0.860141
1.529267 0.410088
1.272427 0.670850
1.689118 0.694987
1.729353 0.738420
1.203296 0.101562
1.338186 0.984184
1.494634 0.514664
1.067152 0.692835
1.110528 0.651133
1.345292 0.413249
0.751302 0.120590
0.627559 0.695128
1.773066 0.704297
0.973272 0.979282
0.674393 0.836683
1.259662 0.227747
1.579630 0.786312
0.703687 0.703166
1.431886 0.667573
1.184041 0.272255
1.043834 0.062735
1.380739 0.817968
0.853699 0.047105
1.278487 0.530583
1.563175 0.839584
1.677138 0.360225
0.811719 0.515648
1.409823 0.045296
0.707473 0.010932
1.714154 0.920038
0.682160 0.834016
1.552651 0.795356
1.450226 0.175654
0.842621 0.502124
0.715320 0.465908
1.655115 0.685685
0.861080 0.277439
0.740941 0.211919
0.934415 0.236190
1.750081 0.755876
1.652455 0.649408
1.452784 0.917069
1.312269 0.982123
0.513714 0.347228
1.143454 0.076339
1.416897 0.459024
1.777781 0.207763
0.534446 0.568799
1.542361 0.886647
1.720981 0.720336
1.624654 0.137308
1.669186 0.039290
1.716446 0.311681
1.232711 0.252769
1.614020 0.952048
1.127423 0.419878
0.673671 0.849613
1.000925 0.715366
1.733804 0.733719
1.167419 0.307458
1.401926 0.985153
1.651497 0.711881
1.718159 0.690180
0.508913 0.222719
0.821227 0.628896
0.622510 0.626337
1.283010 0.125775
1.248183 0.580257
1.307007 0.561567
1.088968 0.089620
0.721617 0.698014
0.912550 0.282427
0.637544 0.011254
1.122440 0.118370
1.478433 0.028532
0.901757 0.279133
1.235174 0.384721
0.763325 0.890121
0.591067 0.274371
1.762118 0.973199
0.586055 0.117179
1.561855 0.434809
1.335220 0.928446
0.938706 0.663652
1.670461 0.743098
0.522439 0.105765
1.392222 0.032489
1.437726 0.421713
0.758048 0.146967
0.996114 0.269578
1.421701 0.294406
1.617612 0.289861
1.684080 0.331515
0.610822 0.246663
0.774529 0.892554
1.656553 0.669875
0.839272 0.454283
1.706822 0.064241
0.893769 0.091302
1.645313 0.424426
1.429014 0.838237
1.393733 0.302540
1.258570 0.939095
1.364848 0.921501
0.817706 0.300360
1.265880 0.026944
1.321548 0.203041
1.533838 0.189928
0.975412 0.725982
0.550042 0.085469
0.651571 0.042632
1.163309 0.287948
1.369338 0.362986
1.446433 0.136985
1.240800 0.746065
1.513857 0.205069
1.105527 0.153684
0.543099 0.611202
1.273346 0.437159
1.234237 0.564734
1.605801 0.061228
0.510182 0.846738
1.111495 0.054762
0.815409 0.407200
0.729983 0.443422
1.523423 0.767171
0.816890 0.925049
1.021751 0.065358
1.557561 0.232382
0.703024 0.571090
0.578653 0.389263
0.915028 0.305781
1.404568 0.488444
1.686223 0.864072
1.616559 0.527488
0.488964 0.701067
1.660782 0.257842
1.658483 0.374783
1.132699 0.395385
0.876336 0.850915
1.555169 0.840463
1.073743 0.559854
0.594450 0.930878
1.653046 0.250296
0.765428 0.152092
0.656895 0.170953
1.389952 0.776048
1.094594 0.612463
1.007763 0.803399
1.387374 0.911492
0.618133 0.476236
0.756013 0.948398
0.575109 0.876643
0.613335 0.193990
1.611940 0.538163
1.501177 0.573978
1.745324 0.155814
1.045650 0.324705
1.006916 0.063347
1.036371 0.546773
1.458312 0.513959
1.522593 0.539651
0.960984 0.238339
1.592409 0.762491
1.644830 0.353930
1.241971 0.000727
1.169612 0.731519
0.531908 0.003394
1.037785 0.496162
0.972867 0.761478
0.614930 0.684162
1.407147 0.035285
1.318725 0.371307
1.129144 0.693158
1.776254 0.797988
0.856141 0.623064
0.958494 0.821592
0.714767 0.796002
1.569673 0.396309
1.434891 0.944702
0.798734 0.401732
0.690004 0.512396
1.567531 0.712016
0.864502 0.978540
0.995094 0.518957
1.440533 0.228303
1.278235 0.751968
1.147184 0.276756
0.644185 0.224791
1.085511 0.895707
0.631321 0.190853
0.581680 0.002217
0.882234 0.869849
0.844751 0.171751
1.584002 0.924814
1.211259 0.315409
1.486415 0.202291
1.330281 0.506300
1.043753 0.804057
1.691578 0.847370
0.800995 0.007166
0.524015 0.904962
0.823888 0.122898
0.805371 0.336624
0.688735 0.798274
0.690985 0.422302
0.929675 0.769460
0.696300 0.444564
0.560245 0.164745
0.937075 0.343122
1.054274 0.448249
0.837986 0.240475
1.305114 0.188729
1.204678 0.578910
0.709805 0.754765
1.026834 0.865864
1.551614 0.557838
1.178300 0.166778
1.680085 0.976270
1.344989 0.016308
1.008587 0.635114
1.671545 0.665708
0.900209 0.320220
1.613573 0.191551
0.553896 0.024993
1.363915 0.067481
1.571265 0.310936
1.118139 0.086547
0.543936 0.058132
1.039535 0.290982
1.347285 0.996676
1.600211 0.138790
0.956506 0.523254
1.460540 0.479680
1.254926 0.640443
0.993364 0.273197
1.125801 0.779611
1.635400 0.206959
0.916628 0.706675
1.451287 0.835591
1.725710 0.688906
0.489672 0.805907
1.141685 0.230312
1.533703 0.646592
1.013223 0.867851
1.336040 0.630636
1.115403 0.682955
1.604967 0.309753
0.992017 0.433201
1.015645 0.950913
1.535043 0.614636
1.279683 0.161794
0.825149 0.960713
0.944457 0.567913
1.063090 0.473220
1.503917 0.603290
0.773163 0.675724
0.873541 0.992152
1.260873 0.275636
0.630137 0.149723
1.175823 0.889545
1.219884 0.756879
1.660851 0.326107
1.601286 0.363711
0.881059 0.576585
0.718403 0.418405
1.709402 0.619658
0.730787 0.204912
0.747447 0.404052
0.562494 0.827754
0.669716 0.528557
0.761869 0.645132
0.589210 0.554515
1.353735 0.156989
1.046864 0.339642
0.869109 0.221171
1.747595 0.540281
1.621156 0.581121
0.748534 0.142201
1.395840 0.638795
1.558701 0.585233
0.866099 0.283048
1.749709 0.280643
0.502280 0.802453
0.551824 0.613987
1.339393 0.666028
1.442285 0.736642
1.516584 0.352959
0.586818 0.679185
0.497319 0.167027
0.737262 0.057164
1.610993 0.524045
1.309470 0.872007
1.231106 0.508694
0.946665 0.242025
1.171824 0.223094
1.223449 0.522453
1.582065 0.741193
0.979148 0.607830
0.804762 0.744118
0.783647 0.474485
1.378343 0.780762
1.269936 0.816428
1.417480 0.563304
1.359714 0.322709
0.871592 0.740326
0.771312 0.399497
0.849485 0.820281
1.517221 0.245212
1.195830 0.314150
1.098204 0.140162
0.682290 0.975016
0.808360 0.126319
1.723912 0.412664
1.424398 0.043823
0.790388 0.180932
0.680450 0.107362
0.922184 0.066994
0.548069 0.521082
1.726795 0.053080
1.396540 0.292983
1.704061 0.450968
1.666371 0.114252
1.312456 0.943458
1.064448 0.972849
1.692963 0.328132
1.540630 0.511015
1.332479 0.482835
0.953289 0.485842
1.588360 0.481520
1.003636 0.083128
1.165271 0.365408
0.855029 0.907500
1.049563 0.457194
1.638404 0.303597
1.284143 0.278113
0.955997 0.748792
1.160182 0.509260
0.899259 0.439326
1.371847 0.957526
1.216365 0.750936
0.920810 0.367701
0.598914 0.772579
0.891774 0.560685
0.795365 0.099730
1.742023 0.338062
0.641804 0.258387
1.016816 0.038232
1.084287 0.828788
0.569939 0.753261
1.151098 0.879801
1.186147 0.078016
0.666763 0.722778
1.071366 0.784314
0.836398 0.903954
1.747222 0.110038
0.737027 0.832191
1.348860 0.493526
0.597074 0.501988
1.246778 0.531914
0.961510 0.604470
1.020621 0.082947
0.964475 0.894175
0.566266 0.059322
1.771582 0.304685
0.704571 0.697890
0.796444 0.150863
1.051851 0.159470
1.375687 0.968463
1.768017 0.409703
1.500256 0.700942
1.405441 0.781130
1.466690 0.963157
0.558702 0.882476
1.166354 0.391820
1.479057 0.674446
0.720046 0.009835
1.113799 0.897402
1.414675 0.077798
1.201487 0.469685
0.570958 0.813526
1.186705 0.477306
1.256960 0.590798
1.136310 0.213635
0.713652 0.678199
1.271160 0.602694
1.112650 0.281410
0.990503 0.825669
1.264480 0.652424
1.662381 0.555182
1.362944 0.259929
0.977810 0.301285
0.632618 0.938589
0.711382 0.812666
0.507796 0.440665
1.029728 0.873897
0.985696 0.974871
0.537303 0.901490
0.787881 0.356007
0.844433 0.113536
1.048670 0.933682
0.506048 0.964713
1.211700 0.145654
0.906657 0.922183
1.444958 0.752645
0.676805 0.913189
0.671265 0.233130
0.723568 0.194441
0.733646 0.027841
1.383202 0.071177
1.632774 0.946172
1.700092 0.386779
1.218417 0.596428
1.546103 0.254451
1.293187 0.112538
0.724918 0.726431
0.826354 0.732917
0.820415 0.425649
1.567963 0.999936
1.078852 0.553134
0.942595 0.778880
0.813174 0.460426
1.121217 0.377744
1.355119 0.462849
1.334554 0.980304
1.732546 0.055195
1.025401 0.072776
1.377717 0.859651
0.552578 0.319758
0.950411 0.408002
0.485463 0.080451
0.830692 0.397366
0.963377 0.707087
0.644425 0.572116
0.665971 0.088309
0.659865 0.187242
1.342612 0.266871
1.226243 0.650082
0.908729 0.989240
0.625453 0.226977
1.356543 0.134839
1.297812 0.656940
1.754719 0.830906
1.035283 0.597178
1.739375 0.641756
0.988272 0.174023
1.228400 0.745722
1.741712 0.600583
0.620619 0.916595
0.913794 0.547025
1.411479 0.990196
1.239580 0.052529
1.267515 0.545397
0.512836 0.734939
1.351853 0.542532
1.547100 0.428123
1.190917 0.657842
0.621167 0.575300
1.752762 0.532609
0.743500 0.935633
1.023824 0.129366
1.262214 0.260635
1.595238 0.994307
0.721167 0.853045
1.648460 0.393759
1.062060 0.983134
0.646399 0.893959
1.350195 0.074725
1.684423 0.668537
1.608140 0.197638
1.357326 0.133882
0.989579 0.842665
0.860249 0.686942
0.926175 0.556006
0.661165 0.218996
1.253809 0.004609
1.011412 0.483638
0.755029 0.601403
1.475641 0.162381
1.342009 0.124631
0.606680 0.358894
1.274671 0.001703
0.745602 0.357024
1.208338 0.808946
1.508112 0.843184
1.765226 0.912780
0.480655 0.342574
1.295935 0.098323
1.307217 0.910565
0.829690 0.182482
0.998365 0.801240
0.732133 0.387903
1.639993 0.456595
1.288805 0.383667
1.030703 0.642780
0.603222 0.932598
0.833945 0.128642
1.430825 0.348194
0.819452 0.447136
1.314406 0.468741
1.172578 0.295231
1.087159 0.394815
1.554654 0.863714
1.604037 0.520233
1.560695 0.075849
1.156190 0.790561
1.195434 0.757471
1.350782 0.296688
0.903958 0.068254
1.526451 0.570333
1.194357 0.046274
0.539644 0.583194
1.556527 0.251519
1.381831 0.810650
0.514908 0.096506
1.268149 0.906376
0.851470 0.728240
1.010171 0.900533
1.637068 0.364692
1.325486 0.991365
1.740431 0.851717
0.536809 0.033815
1.674434 0.466179
1.737610 0.629831
1.627288 0.288641
1.487544 0.662731
0.920131 0.132387
1.587415 0.981096
1.433523 0.785457
0.851177 0.766176
0.517415 0.543189
1.680639 0.875328
0.544988 0.375599
0.997513 0.905918
1.544611 0.884009
0.685826 0.435628
0.801595 0.958960
0.678855 0.637380
0.931196 0.594191
0.662604 0.192808
1.199776 0.966487
0.742403 0.659988
0.600570 0.616414
0.699154 0.108004
0.667961 0.382134
1.251835 0.013387
1.623268 0.856500
1.207269 0.763410
1.222805 0.253234
0.810383 0.537811
0.966028 0.534940
0.735921 0.878987
1.019660 0.486060
1.464791 0.172934
0.840855 0.605162
0.654798 0.566133
1.374115 0.680500
0.879420 0.104828
1.053363 0.730818
0.495579 0.586817
1.497515 0.337085
1.678704 0.022653
1.592808 0.163875
1.367168 0.908773
0.780465 0.147049
1.081835 0.673351
1.694544 0.458328
0.941489 0.115203
1.057988 0.263764
1.304222 0.505555
1.768277 0.015476
0.753830 0.681242
0.494763 0.822053
1.181094 0.857421
1.414310 0.588665
0.568251 0.480729
0.521376 0.936226
1.153820 0.691615
1.189091 0.498779
1.231243 0.265889
1.119472 0.470686
0.657513 0.774920
1.403877 0.702700
1.286924 0.525094
0.776315 0.006190
0.971554 0.316027
0.786643 0.687776
1.135084 0.927958
1.503009 0.234061
0.516089 0.036484
0.683888 0.777288
1.090777 0.298720
0.582977 0.333231
1.595734 0.705293
0.601108 0.622955
1.386359 0.130641
0.780781 0.452011
0.726643 0.355364
1.463727 0.758972
1.695012 0.826920
1.690252 0.256214
1.510620 0.535159
0.999905 0.815787
1.058849 0.366738
1.631892 0.855291
0.813745 0.874146
1.628429 0.325725
1.086512 0.031010
1.252211 0.044241
1.491944 0.504153
1.757921 0.168153
0.633977 0.823680
0.476025 0.341022
0.557113 0.719228
1.676440 0.809714
0.529593 0.909656
1.017628 0.237905
1.168775 0.854745
1.106898 0.416216
0.834409 0.931248
0.492738 0.709575
1.719125 0.937055
0.924358 0.157249
1.158876 0.034798
0.925503 0.923320
0.686731 0.621993
0.479103 0.998477
1.157287 0.121943
1.224942 0.321102
0.936120 0.243031
0.525236 0.345510
0.863772 0.729340
1.249933 0.249400
1.589849 0.689382
1.585603 0.792328
1.483031 0.327555
1.455838 0.862871
1.549551 0.627353
0.875605 0.378380
0.564264 0.368683
1.490375 0.552097
1.565423 0.861955
1.518758 0.941595
0.623308 0.961921
1.519742 0.405123
1.482440 0.516299
1.598328 0.871418
1.454689 0.299516
0.479835 0.100947
0.486214 0.017067
0.897070 0.346003
0.716921 0.490311
0.986306 0.208643
1.025768 0.093679
1.322824 0.070495
1.014477 0.735221
0.510892 0.565316
0.778517 0.562262
0.652161 0.610891
1.574059 0.710842
1.095089 0.633073
0.939581 0.376833
1.137255 0.587787
1.116789 0.241388
1.548759 0.116636
0.640664 0.119829
1.379449 0.056797
1.327870 0.870534
0.661486 0.947819
0.561233 0.185390
0.759666 0.426177
1.384651 0.472650
1.698555 0.993342
0.749382 0.186337
0.889053 0.220055
0.638915 0.945888
1.420086 0.420228
0.580509 0.671338
1.470435 0.609420
0.917492 0.880178
1.103375 0.313612
0.857935 0.814640
1.763757 0.029789
0.505207 0.955736
1.575537 0.806098
0.840542 0.285670
1.199003 0.489719
1.217595 0.092303
1.281944 0.883917
1.069954 0.030932
0.918045 0.441584
1.766854 0.415880
1.577620 0.069236
1.472759 0.717660
1.682847 0.446957
1.290371 0.379554
0.654091 0.783347
0.500885 0.658171
1.722048 0.270263
1.310100 0.217232
1.321317 0.954209
1.774140 0.461403
0.472703 0.143625
1.189427 0.655336
0.788848 0.918583
0.909746 0.332352
1.302495 0.723086
1.618980 0.529243
1.536343 0.837255
1.506291 0.144870
0.768126 0.183211
1.438430 0.334147
0.776677 0.595087
1.447984 0.445203
0.700079 0.449926
1.757067 0.139457
1.459409 0.639749
1.491148 0.484053
1.751379 0.214647
0.541194 0.381886
1.427058 0.708110
1.511570 0.262000
1.435714 0.775991
0.663972 0.177550
1.576401 0.949618
1.128351 0.848227
1.361067 0.724331
0.882795 0.169354
1.142431 0.794808
0.770565 0.050559
0.474540 0.718238
1.419294 0.606060
0.576647 0.158860
1.192184 0.084590
0.889641 0.423833
1.688219 0.636857
0.872476 0.235704
0.596659 0.198465
0.639181 0.898669
1.299732 0.799286
1.139354 0.919649
1.319615 0.773172
0.896796 0.037148
0.706475 0.620908
0.593639 0.318477
1.665682 0.495187
1.673798 0.549457
0.530456 0.369498
1.042003 0.577828
1.243799 0.942904
0.649143 0.764741
0.546195 0.664839
1.316775 0.173932
0.727021 0.791190
1.139678 0.615843
1.097023 0.335722
0.605907 0.195571
0.905720 0.216662
1.059534 0.438386
0.769095 0.866507
1.358198 0.891580
1.428645 0.737231
1.521521 0.151491
1.071115 0.127931
0.498542 0.095428
1.622307 0.841118
1.079714 0.749467
1.443697 0.584321
0.519505 0.634332
0.969042 0.478862
0.650713 0.005074
1.602878 0.914726
1.004767 0.661238
1.496726 0.268045
1.031993 0.049066
0.573473 0.012278
1.331451 0.135320
0.884579 0.359477
1.080727 0.787781
0.589906 0.782850
0.678281 0.967600
