189.6011714
288.5573543
952.212098
3412.472451
6279.240508
6197.78726
10445.2451
7766.439966
2672.857317
1175.674368
572.2268109
248.1764658
221.3552806
399.8095653
1796.735957
2639.660529
3823.612546
5326.685834
6504.049459
9074.855533
2668.125568
1137.348943
901.7635651
674.2283957
482.5605437
470.1020861
695.5582297
2759.343878
5580.908845
6790.150714
9090.165259
11491.02902
5513.525962
1702.694413
989.7927624
628.328738
540.8771484
550.0274224
904.0969141
2578.261616
4019.521224
9763.464544
8301.614232
9951.171448
3539.608698
885.4061001
554.3752016
390.0910108
478.1779034
736.9523556
1844.133371
1819.773682
3216.838625
5250.577544
8340.8019
7173.568587
3067.14177
1102.869591
452.0381465
533.6666616
464.378259
633.9967695
1845.04669
3028.0726
4469.764393
7303.985289
11354.80742
9050.027324
3026.714182
1398.94271
833.9451872
808.8167363
378.2941553
535.9478576
1630.545636
3030.27771
4080.09721
7678.385624
9729.689769
8440.582375
4935.75897
2246.415048
1051.595216
653.3109158
708.1086006
617.1406688
901.1107648
3453.057303
5977.422895
8353.175669
13123.94483
9003.371663
3047.77636
919.6789242
548.6149843
469.5103175
503.1071117
1057.19711
2518.262406
2166.887894
4451.832176
8287.872888
8968.833416
7163.894635
2795.950976
1363.091969
777.2092421
600.9875168
1030.576016
1561.746208
2112.786239
2459.761216
8043.734465
9196.024314
10352.72933
8596.035021
4042.544352
1331.614329
659.5393784
591.6520621
635.6627504
643.7844753
1486.362364
4537.208077
5959.302746
11991.74998
12721.08965
9073.325345
5068.782367
1494.883935
836.6066634
637.988468
806.5807183
541.0801073
2027.417389
3219.595813
5994.465309
9677.682993
12458.78332
9583.591355
4076.91764
1339.297668
791.0640939
578.8601641
410.618255
763.7102366
1089.080463
2868.569498
5641.65672
7941.56892
9222.823866
5710.772923
3859.256836
1372.472717
807.2892873
535.8364859
659.8050478
933.5646184
1873.412368
2669.548661
5146.877573
9023.997851
14123.23874
10627.01672
3815.243234
1163.96877
659.9136435
457.2443338
362.2046162
773.2335539
2194.38393
2671.365956
4991.492919
8330.470541
12143.7423
7534.833995
1771.017192
919.3779407
521.2909392
556.8229445
464.2355795
580.3592537
1005.226294
3043.113139
4718.647746
11482.32629
10966.58185
10011.62464
4088.609327
1838.581421
946.8574825
677.627545
619.6536544
1579.795836
2461.414632
2663.411726
3922.106043
6996.95338
9712.504598
6278.137796
2482.8246
1091.113384
641.5229687
481.3726182
623.5482271
891.5699786
1150.945876
4207.745749
6044.921758
6905.869167
12251.4917
8157.26357
3499.601917
1174.853737
632.8991907
389.008241
448.3036828
772.1485601
795.7972916
2965.501244
6037.118951
6891.876054
8086.543484
7473.547419
3463.467353
1062.548115
607.2884877
327.7193899
234.6045675
260.4517561
571.5160849
2064.772618
4657.097104
4733.835607
6671.971868
4812.509839
2726.077047
711.2082063
341.3841364
206.5317912
243.8684839
448.0406315
1087.134358
1326.412677
3760.088045
5243.809821
7053.159347
4589.805089
1934.101499
688.8411527
410.2811804
229.873552
249.4609761
856.4209295
1876.160989
2448.436539
4207.508309
7742.402109
7197.134901
7431.246339
2766.771282
905.2873683
433.3172029
282.9123904
490.142703
848.8673492
1042.87051
3403.205612
5407.334013
10047.10936
10422.69657
6570.713018
3472.189989
1075.271106
627.0201046
420.8760715
653.1795094
1235.486994
3066.592129
2160.651254
4811.575604
6737.794693
6569.268481
5561.38781
2609.88576
947.9247972
453.6511478
348.9375266
642.3513244
908.2118258
1544.89294
3360.987493
5184.325767
9211.121618
13814.48932
8165.9045
4146.178939
1700.085452
1030.921725
597.0621633
740.4441589
1123.31514
2736.470051
2512.13358
6817.129317
5947.524079
8585.687536
8485.625666
2603.862799
1031.576636
643.8200169
594.152124
488.8702008
655.2532972
901.845934
4470.64166
5776.450403
7138.33231
8631.825056
6621.698479
3386.072064
1048.072446
526.4193213
425.9852754
738.0605803
1172.061609
1809.049339
2592.092647
4593.95007
8703.741058
7403.370164
5847.04288
1922.781827
871.3656083
514.2320908
632.0063914
514.593687
776.5049838
1568.39628
2634.287654
5117.756243
6898.57682
9678.151368
8664.183963
3317.788279
1552.142018
856.8091326
534.0013398
487.2989518
1244.78827
2108.563531
2746.676232
4859.71594
6830.476066
12206.78028
14280.88564
4428.243175
1808.747763
1111.211394
626.1377695
