1.772315217848217550e+00
1.671594609170995227e+00
2.389071877101158758e+00
2.509000452056217689e+00
2.439545715285465821e+00
1.419515204721408130e+00
8.615696690295935323e-01
1.379736929137766355e+00
1.048265367668006265e+00
1.145757496785408058e+00
1.516186901925619335e+00
1.778981193807436911e+00
2.079908446144435263e+00
1.571566305391487894e+00
1.144286888885798215e+00
6.266650972520447782e-01
1.058448105815846363e+00
5.230408370311295796e-01
3.237592281219072166e-01
1.059987858151104190e+00
6.138677692000511499e-01
5.508236861722367594e-01
9.598066765385471211e-01
1.153346505000998334e+00
1.064289013406668705e+00
1.216471087295539100e+00
1.911655871203852719e+00
2.320206400412236469e+00
1.009418421252211262e+00
4.747481523831168504e-01
2.366242932146688238e-01
9.734273726535935811e-01
1.513685055810355395e+00
6.641800049992319099e-01
6.885690323126401058e-01
9.961081461886464039e-01
1.252293272560857540e+00
7.945677127956095598e-01
2.984607941390208241e-01
5.920291480913280058e-01
4.290869410269695372e-01
1.593969737164301070e-01
4.941277285199616176e-01
2.378044416475353806e+00
3.487869666559871629e+00
1.512778098474777400e+00
1.503559516565490917e+00
1.479255893235648101e+00
1.305963276613401725e+00
1.263644494468300739e+00
7.414423014221568353e-01
4.122379710193536106e-01
4.198294709121024870e-01
3.061831520558592201e-01
8.845169412969215994e-01
4.140828567589248443e+00
1.870669763139225505e+00
1.391774640714547262e+00
1.330830652814899207e+00
1.547773516118361448e+00
1.787178328524633653e+00
1.644001220070489655e+00
1.847015079162278361e+00
1.454574715854912048e+00
8.795308659655679540e-01
3.596366145300480266e-01
4.597648331433983881e-01
2.388591296644492434e+00
1.252105023905625503e+00
1.173808659106828856e+00
1.547777999506636748e+00
2.189875951483200023e+00
1.680610908133670645e+00
1.366192272834316990e+00
2.078424843598770888e+00
1.590271626167423902e+00
2.124657899333798561e+00
6.956196041905921001e-01
2.459537980475673680e-01
3.021717348799488057e-01
3.918790242643968025e-01
1.048941354894451061e+00
1.136714459239065667e+00
1.088962340715647903e+00
1.066403479994265657e+00
6.075272553538175746e-01
1.365043261450175960e+00
8.407912486617216130e-01
4.689164977145856006e-01
2.043353344852339437e-01
2.162860694340825507e+00
4.170092905532159833e+00
3.061026412170623878e+00
2.576736868925376012e+00
1.699926135669043381e+00
1.556505466167168228e+00
1.530125874423935883e+00
1.407106995426662399e+00
8.884495894936320637e-01
6.784859799242496381e-01
7.162353157256062808e-01
2.966462309059200164e-01
6.025870332994176515e-01
2.846057128390656388e+00
1.851556417736025528e+00
1.210194349233292721e+00
1.098719881283750643e+00
1.286392270553971207e+00
1.159803660582835239e+00
1.756858877343820957e+00
2.718575363670912459e+00
2.440330645664678499e+00
8.194165237141631808e-01
2.342530879367731300e-01
5.686610543278848295e-01
2.592720181527667034e+00
3.294634619342591719e+00
1.699705047845030625e+00
1.356060854188684717e+00
1.983610945775692969e+00
1.944738689926925002e+00
2.577375044148786820e+00
2.650300858415231886e+00
2.490157471245810772e+00
1.405936786639564673e+00
5.075675813158272431e-01
3.058704008102016703e-01
6.291682712623872797e-01
2.256374631800448061e+00
1.391864611457894529e+00
1.188267814579737403e+00
1.295746759855065600e+00
1.379186839462233527e+00
1.857392449014182434e+00
2.210132957239987483e+00
2.164782454659071931e+00
1.038136864395110326e+00
3.849623609660927648e-01
3.968448074443007845e-01
1.759257476394969544e+00
9.154684252987776105e+00
3.347469436829184186e+00
2.037887873097523173e+00
1.653053325911999938e+00
1.179264721453401554e+00
5.160904395695999902e-01
1.793434633992576188e+00
2.075144256846950697e+00
5.471959985877887789e-01
3.385719048225023786e-01
1.820931376317119765e+00
1.237720172696755272e+00
9.491658082766208926e-01
6.726159543742847857e-01
7.912224355402367459e-01
9.160039094434559992e-01
9.183711626489087232e-01
7.917654157565183759e-01
3.751871808806784281e-01
8.757457490423808943e-01
4.983310663794431883e-01
1.529613461568614108e-01
1.135648712846476727e+00
3.229324952163840301e+00
3.232105339328640081e+00
1.514794534897996980e+00
1.382385220329945597e+00
1.874167754377650930e+00
1.812054072648038527e+00
1.441648573827263746e+00
1.493289959485478491e+00
1.885297618358438454e+00
8.234143723745280807e-01
3.581342144710272790e-01
1.975868533197849830e+00
6.895919218055039934e+00
5.288909515189631705e+00
2.684409670050047936e+00
1.722138632488281695e+00
1.302126467777740659e+00
1.279209476199628881e+00
7.160758765286399097e-01
9.285772995230975324e-01
1.784895670309823990e+00
6.975067156260479351e-01
4.869678594890879952e-01
4.972682279955455420e-01
2.353491076545330962e+00
1.850337625189363289e+00
1.324201550206003164e+00
9.827103118434047380e-01
1.023087318459494410e+00
1.173877177598668720e+00
8.726223281016960431e-01
6.345990920303999916e-01
1.150060313685081770e+00
7.801886210587776205e-01
3.206025924461567977e-01
5.097676259940480126e-01
6.642767411957375856e+00
5.862563779030271149e+00
2.297631279353932854e+00
1.674033331483238518e+00
1.607707854551692961e+00
1.160751663789119981e+00
1.194787517202086535e+00
1.759014234368179386e+00
1.191944523558412738e+00
8.631686027738878497e-01
2.771604157987583861e-01
2.984508679326335900e-01
6.495670748578176168e-01
2.811335273176319927e+00
2.192946876252518162e+00
1.520458744074854707e+00
1.487628272756966297e+00
1.335524505227481562e+00
5.747553397641600448e-01
5.707990214234496262e-01
2.364073640508556895e-01
3.227302222638336326e-01
1.625238936304012893e-01
4.896478371140352559e-01
3.035135280148991921e+00
2.337647210547379117e+00
1.634751324664703853e+00
1.692081867568550280e+00
1.435969258364505841e+00
1.245311107136064077e+00
9.811656058730112706e-01
4.248129107044223418e-01
2.097611473082803268e-01
2.410085975043801398e-01
2.750152890106368209e-01
2.025754133587545525e+00
6.015632627511935837e+00
3.869869493869056321e+00
1.977643270098662365e+00
1.688876934278976005e+00
1.381844378053670441e+00
1.197402578405107221e+00
1.064900857172889737e+00
8.616243041929727564e-01
4.685519409397632118e-01
3.834796218546815405e-01
6.218478102985344202e-01
2.486036827664409810e+00
4.044323294378496136e+00
2.370590429862182713e+00
1.449325971883584030e+00
1.475404314493132807e+00
1.325019955165862351e+00
1.129121295861196694e+00
1.137750695800127998e+00
8.039889908270207997e-01
3.476144466108287978e-01
3.930579570775680209e-01
3.385854704450304009e-01
3.142370624137343915e-01
1.554103576439999967e+00
2.665595271990528037e+00
1.444386555140083406e+00
1.320484776089587253e+00
1.366906644092275247e+00
1.523141765680319892e+00
1.347525486000806350e+00
1.059961569826175953e+00
7.311033321708672039e-01
8.292879255649535652e-01
2.598903210541824160e-01
2.986259494127615488e-01
1.118935401168153598e+00
2.051564071229222463e+00
1.745670365058239915e+00
1.620325387082879987e+00
1.508559604622092820e+00
1.375428490315891317e+00
1.834895538845683127e+00
6.576156094629886928e-01
4.367141791551359953e-01
5.631282005111423183e-01
2.549755617889881698e-01
3.386485266566399699e-01
1.606162370885567903e+00
1.747609984500134495e+00
2.351100986647948865e+00
1.924859113295270374e+00
1.589412571154265708e+00
1.632376456773926288e+00
1.886714390882534342e+00
5.915184097671936092e-01
7.229813041355903636e-01
5.257180076399999846e-01
2.119209807250713729e-01
2.993818617734400056e-01
6.190820168295168013e-01
9.765361352001022954e-01
9.763851948998399921e-01
1.265558403662784048e+00
1.490589379630195221e+00
9.376365745252224215e-01
7.294538008637567739e-01
7.208031903717888600e-01
2.297397621368448273e-01
2.160096384463833785e-01
1.686938566987699339e-01
1.666479258033177313e+00
6.329340580939775585e+00
4.757289376868351738e+00
2.275717655448921573e+00
2.298536262073497927e+00
2.645137905565824177e+00
1.709789031259084657e+00
1.059331475589926352e+00
1.895236830437759812e+00
1.004462125855027255e+00
5.359802498565120477e-01
4.129950797743104363e-01
8.047245195116927707e-01
1.887503265233740901e+00
2.340117969610521875e+00
1.570718366666956856e+00
1.755818464054348604e+00
1.446834953807193624e+00
1.198077758479641597e+00
1.342740322325721491e+00
3.505884836947200101e-01
5.159380298793982966e-01
3.631238453210111627e-01
4.143363324409727877e-01
1.348283164680230461e+00
4.394866065765120844e+00
2.700736698917376000e+00
1.905250500374054523e+00
1.698503321209190453e+00
1.640363506076044864e+00
9.826838670325248604e-01
1.852225801255295901e+00
1.589873628476160095e+00
2.286665798737190780e+00
8.795459059750655451e-01
3.286133531835264132e-01
1.292557324197772806e-01
3.637494808911360678e-01
6.826846021650432306e-01
7.403773897966463569e-01
9.762563372659200933e-01
1.200948680789222456e+00
1.558249778253887996e+00
1.173866092607232181e+00
2.742066608722559806e-01
1.615112924708275166e-01
6.611417032113792169e-01
8.204997215779200603e-01
8.551901125958399907e-01
4.749195981291263635e+00
2.645160860345471932e+00
1.550411095518374305e+00
1.327465439775244782e+00
1.431176138628019290e+00
