673.8800136
635.5834372
908.3868224
953.9867636
927.5782791
539.736338
327.5910371
524.6116104
398.5775629
435.646588
576.4934137
676.4145898
790.8349022
597.550093
435.0874249
238.2742528
402.4493029
198.8736331
123.1016192
403.0347565
233.4083782
209.4373898
364.9432842
438.5321249
404.6701668
462.5337212
726.8609283
882.2023898
383.8069507
180.5115073
89.9706668
370.1222246
575.5421472
252.5383895
261.8117275
378.7460404
476.1542411
302.1151631
113.4825013
225.1047705
163.1499356
60.60684563
187.8801226
904.1938971
1326.178117
575.1972986
571.6921557
562.4512905
496.5609626
480.4702688
281.9155098
156.7435221
159.6300064
116.4187412
336.3161826
1574.449953
711.2769516
529.1886592
506.0161812
588.5034601
679.5313521
625.0917181
702.2828299
553.0668695
334.420348
136.743128
174.8144624
908.2040933
476.0826641
446.3123643
588.5051648
832.6473875
639.0116669
519.4615823
790.2707982
604.662339
807.8497999
264.492537
93.51798546
114.8934968
149.0025248
398.8345907
432.2081916
414.051603
405.4741416
230.9975511
519.0246985
319.6905451
178.2941616
77.69357087
822.3754891
1585.57701
1163.881289
979.7418985
646.3558152
591.823573
581.793371
535.0184164
337.811477
257.9778906
272.3311629
112.7925575
229.1191511
1082.144416
704.0095641
460.1471433
417.7616719
489.1195607
440.9873022
668.0031138
1033.672557
927.8767299
311.5633227
89.06907332
216.2196178
985.8191667
1252.705162
646.2717519
515.6093553
754.2201058
739.4398703
979.9845492
1007.712827
946.8221757
534.5734728
192.9903017
116.2998251
239.2260242
857.931903
529.2228684
451.8101086
492.6763791
524.4024521
706.2285739
840.3496242
823.106192
394.7264444
146.3726308
150.8906438
668.9151231
3480.847361
1272.794324
774.8575952
628.5335625
448.3869001
196.2309125
681.910161
789.0234344
208.0580493
128.7337814
692.3651325
470.6131722
360.8973513
255.7459553
300.8432023
348.288341
349.1884318
301.0496574
142.6558549
332.9811488
189.4783402
58.15985384
431.8029673
1227.87274
1228.929915
575.9639998
525.6185591
712.6069782
688.9897524
548.1520165
567.7874049
716.8388399
313.083408
136.1718767
751.2762406
2622.006565
2010.979977
1020.681878
654.8015801
495.1021088
486.3884768
272.27054
353.0690686
678.6634265
265.2100655
185.1577555
189.0742216
894.8580832
703.5461477
503.4956252
373.6518378
389.0042184
446.3384168
331.7935435
241.2909625
437.2826301
296.6478611
121.9013848
193.8268155
2525.751711
2229.098142
873.6187458
636.5107024
611.2920433
441.3477575
454.2890679
668.8226362
453.2080883
328.198993
105.3835474
113.4787271
246.9821761
1068.94227
833.8150324
578.1176784
565.6346854
507.8009051
218.5368225
217.0325281
89.88818473
122.7103646
61.79578133
186.1767522
1154.036812
888.8338362
621.574669
643.3732219
545.9925941
473.4994415
373.0645007
161.5248389
79.75660502
91.63769251
104.5679148
770.2440341
2287.298871
1471.424316
751.9510414
642.1546235
525.4129169
455.2833817
404.9028056
327.6118108
178.1555477
145.8088551
236.4425959
945.2554006
1537.756156
901.3596989
551.0711615
560.9868208
503.8068039
429.3210748
432.6021955
305.6973763
132.1719893
149.4507855
128.7389394
119.4810459
590.9103125
1013.528158
549.1930677
502.0824117
519.7332047
579.1378325
512.3639879
403.024761
277.9843667
315.3166846
98.8170114
113.5452976
425.4481346
780.0576389
663.7489525
616.089555
573.5933183
522.9734307
697.6746677
250.0424368
166.0500085
214.1158839
96.94829301
128.762915
610.7044105
664.4864459
893.9493093
731.8811419
604.3357041
620.6716829
717.3775334
224.9105746
274.8961619
199.8915625
80.57782946
113.832715
235.3909698
371.3042564
371.246865
481.1979865
566.7605747
356.5136389
277.3571723
274.0679868
87.3529903
82.13244271
64.14176062
633.6384486
2406.578736
1808.844272
865.2866201
873.9628436
1005.749739
650.1059428
402.7851829
720.617985
381.9224392
203.793532
157.0313944
305.9770433
717.6774838
889.7732826
597.2276848
667.6075218
550.1240121
455.5401026
510.5445451
133.302795
196.1729624
138.0690632
157.5413733
512.6520769
1671.04157
1026.889836
724.4254409
645.8148244
623.7085653
373.6417828
704.264081
604.51101
869.4493869
334.4260666
124.9472829
49.14636733
138.306946
259.5743152
281.5106029
371.19787
456.6317014
592.4868055
446.334202
104.2604535
61.41076422
251.3831487
311.9751825
325.165365
1805.766954
1005.758467
589.5063359
504.7366403
544.1701262
