863.4811851
924.1407915
1860.59892
4366.459215
7206.818787
6737.523598
10772.83614
8291.051577
3071.43488
1611.320956
1148.720225
924.5910556
1012.190183
997.3596583
2231.823382
2877.934781
4226.061849
5525.559467
6627.151079
9477.89029
2901.533946
1346.786333
1266.706849
1112.760521
887.2307104
932.6358073
1422.419158
3641.546268
5964.715796
6970.662221
9180.135926
11861.15124
6089.06811
1955.232802
1251.60449
1007.074778
1017.031389
852.1425855
1017.579415
2803.366386
4182.67116
9824.07139
8489.494354
10855.36534
4865.786814
1460.603399
1126.067357
952.5423013
974.7388661
1217.422624
2126.048881
1976.517205
3376.468632
5366.996285
8677.118083
8748.018539
3778.418722
1632.058251
958.0543277
1122.170122
1143.909611
1259.088488
2547.32952
3581.139469
4804.184741
7440.728417
11529.62188
9958.231418
3502.796846
1845.255074
1422.450352
1641.464124
1017.305822
1055.40944
2420.816434
3634.940049
4887.947009
7942.878161
9823.207755
8555.475872
5084.761495
2645.249638
1483.803408
1067.362519
1113.582742
848.13822
1420.135463
3772.747848
6155.717056
8430.86924
13946.32032
10588.94867
4211.657649
1899.420823
1194.9708
1061.33389
1084.900483
1592.215526
2856.073883
2424.865785
4724.163339
8400.665446
9197.952567
8246.039051
3499.96054
1823.239113
1194.970914
1090.107077
1471.563318
2229.749322
3146.458796
3387.637946
8355.297788
9285.093387
10568.94895
9581.854188
5295.249513
1977.886081
1175.148734
1345.872168
1375.102621
1623.769024
2494.075192
5484.030253
6493.876219
12184.74028
12837.38948
9312.551369
5926.71427
2024.106804
1288.416772
1130.664847
1330.98317
1247.308681
2867.767013
4042.702005
6389.191753
9824.055624
12609.67397
10252.50648
7557.765001
2612.091992
1565.921689
1207.393727
859.0051552
959.9411491
1770.990624
3657.592932
5849.71477
8070.302701
9915.188998
6181.386095
4220.154188
1628.218673
1108.13249
884.1248269
1008.99348
1234.614276
2016.068223
3002.52981
5336.355913
9082.157705
14555.04171
11854.88947
5044.173149
1739.93277
1185.532203
1169.851312
1051.194369
1321.38557
2762.171334
3388.204796
5304.576327
8466.642418
12895.01854
10156.84056
3781.997169
1940.059818
1176.092519
1051.925053
950.6240563
852.6297937
1358.295363
3721.776566
4983.857811
11667.48405
11155.65607
10906.48273
4792.155475
2342.077046
1320.50932
1066.631763
1065.992071
1911.58938
2702.705595
3100.694356
4218.753904
7118.854765
9906.331413
8803.889507
4711.922742
1964.73213
1278.033671
1092.664661
1064.895985
1345.859047
1819.768512
4660.953837
6373.120751
7011.252714
12364.97043
8404.245746
4568.544187
2008.66877
1211.016869
954.6429264
956.1045879
990.6853826
1012.82982
3055.389429
6159.829316
6953.671835
8272.720236
8627.584231
4352.301189
1684.122784
1250.66171
873.7119841
708.104009
633.5162568
733.0409238
2144.529223
4748.734797
4838.403522
7442.215902
7099.808709
4197.501363
1463.159248
983.5387599
731.9447081
699.1518656
852.9434371
1414.746169
1504.568225
3905.8969
5480.252417
7998.414747
6127.561245
2835.461198
1239.912314
971.2680012
733.6803559
678.7820509
1289.023125
2181.858366
2580.608528
4356.959095
7871.141048
7316.615947
8022.156652
3780.29944
1454.480436
935.3996146
802.6455951
1069.280536
1361.231337
1445.895271
3681.189979
5722.650697
10145.92637
10536.24187
6996.161152
4252.247628
1739.020058
1243.10966
994.4693898
1176.15294
1933.161662
3316.634565
2326.701263
5025.691488
6834.742986
6698.031396
6172.09222
3274.372206
1841.874107
1185.53229
953.2732306
1263.023007
1625.589359
1769.803514
3635.883655
5384.21733
9291.699447
13928.32203
8401.29547
4517.483195
2071.332317
1512.119711
1163.822738
1096.957798
1400.672312
3010.538038
2599.48657
6899.261759
6011.665839
9219.325985
10892.2044
4412.707071
1896.863256
1517.782861
1599.901863
1138.976144
1058.03848
1622.463919
4852.564099
5980.243935
7295.363704
8937.802099
7339.375963
4275.845346
1645.300131
1194.026843
976.1092875
1193.600683
1682.606154
1942.352134
2788.265609
4732.019133
8861.282432
7916.022241
7518.08445
2949.671663
1595.791049
1160.046915
1255.714957
888.2354698
1480.769065
2172.90729
3503.737041
5452.18231
7023.524103
9727.297736
8802.490909
3577.362594
1833.652621
1228.007003
990.6330412
1079.785757
1691.122472
2212.823985
2808.086996
5111.099089
7142.451248
12531.94564
16086.65259
5434.001642
2398.254099
1615.948035
1170.307896
