1.400706 0.559425
1.334843 0.300314
1.733699 0.205209
1.568071 0.192829
1.311824 0.631533
0.501800 0.491357
1.219776 0.117935
1.137516 0.763682
0.964349 0.759367
0.649924 0.225074
0.659023 0.170695
1.053941 0.737861
1.079944 0.010052
1.434738 0.593156
0.975588 0.861601
0.863568 0.181750
1.134291 0.904544
1.280419 0.165922
1.186569 0.396148
0.477063 0.445654
0.472974 0.999860
1.193069 0.423330
0.585490 0.047670
1.484624 0.761201
1.570649 0.542665
1.569712 0.184817
1.550361 0.337247
1.684848 0.617724
1.265648 0.415286
1.321213 0.961820
0.817919 0.619692
1.029212 0.829682
0.701518 0.527277
1.736220 0.634842
1.728693 0.562847
0.762000 0.381687
0.529658 0.074902
0.695475 0.748333
1.215777 0.481308
0.631307 0.940050
1.282236 0.747265
1.734676 0.207929
1.282104 0.048009
0.634968 0.172478
1.741071 0.934060
1.509480 0.529715
0.519336 0.284054
0.676805 0.441190
0.972182 0.546948
1.464703 0.739733
0.574089 0.541282
1.521685 0.607807
0.752126 0.429463
1.411681 0.899504
1.664288 0.544441
0.702275 0.213864
1.545813 0.898792
1.588692 0.620134
1.508236 0.778707
1.624661 0.110765
0.948204 0.473844
1.292358 0.803156
0.579966 0.657224
0.734840 0.050645
1.503545 0.989696
0.525613 0.968927
0.713585 0.880468
1.459398 0.241690
0.895705 0.838565
1.770542 0.182390
1.761674 0.814540
0.488413 0.477831
0.858998 0.894576
1.293326 0.446351
1.437557 0.113950
1.495357 0.516284
0.819854 0.036884
1.141246 0.348009
0.625832 0.354585
1.257698 0.249337
0.896264 0.659383
0.805448 0.827028
0.779078 0.588471
1.737164 0.474821
0.561662 0.153361
0.773160 0.092989
1.752825 0.707066
0.991286 0.765441
0.843531 0.561130
0.898704 0.243189
0.937114 0.417649
0.577237 0.081073
1.473138 0.388917
0.653173 0.685807
0.501071 0.281700
1.436590 0.500633
1.448250 0.231996
0.984507 0.211913
1.181057 0.298826
1.242352 0.375165
1.600346 0.581764
1.673225 0.058872
1.470852 0.791199
0.945963 0.080680
0.867928 0.915748
1.348743 0.988336
0.770614 0.758132
1.654991 0.160972
0.726404 0.400490
1.768531 0.997380
1.399538 0.283348
1.196379 0.357222
0.899884 0.850198
0.947180 0.962523
1.067892 0.864645
1.657238 0.706591
0.723305 0.714133
1.396765 0.725304
1.178005 0.987498
0.753626 0.336052
1.198931 0.428320
0.970530 0.978564
1.343722 0.219740
1.124607 0.262747
0.724471 0.109788
1.380710 0.551874
1.609280 0.734049
1.034904 0.909455
0.722550 0.794887
0.598596 0.790056
0.699501 0.412812
0.678262 0.903744
1.467113 0.718871
1.107101 0.721917
1.431268 0.646530
1.668766 0.596552
1.618379 0.902104
0.799563 0.478921
1.675709 0.585789
1.462550 0.956557
1.231112 0.845122
1.637924 0.801725
1.496075 0.228873
0.623862 0.809644
1.779096 0.299772
0.682463 0.127563
0.698092 0.775601
0.550687 0.852691
0.681246 0.463255
0.917626 0.006726
1.341601 0.941560
1.213649 0.258577
1.413788 0.676412
1.143577 0.486859
1.244905 0.865965
1.092480 0.948110
1.350365 0.509851
0.737636 0.982253
1.574505 0.645524
0.657268 0.492339
1.048670 0.285138
1.175892 0.507284
1.034523 0.178704
1.114079 0.539821
1.633214 0.501909
1.072702 0.960725
0.737112 0.690757
1.401905 0.193676
1.176900 0.475137
1.228590 0.346573
0.853609 0.715180
1.033290 0.119130
1.633752 0.098636
1.315609 0.059486
1.517594 0.835378
0.755193 0.484969
1.712777 0.677445
0.604891 0.296223
0.632459 0.767470
1.061325 0.085820
0.836558 0.896222
1.212116 0.886172
0.568678 0.858957
1.024405 0.580386
0.557061 0.644777
1.001121 0.120893
0.949510 0.149851
1.249886 0.776990
1.635607 0.370811
1.597750 0.811601
0.523464 0.316348
0.593615 0.622196
0.560168 0.970470
0.571296 0.653587
1.106367 0.836403
1.559282 0.408593
0.859749 0.186567
1.335982 0.093185
0.691821 0.345681
1.049793 0.180228
0.836832 0.928643
1.007872 0.130983
0.938949 0.124346
0.536757 0.216653
0.976046 0.972576
0.590025 0.510630
0.841633 0.054623
1.110708 0.700257
1.756536 0.087844
1.233121 0.318550
1.494143 0.487556
0.966685 0.097685
0.939373 0.270792
0.776365 0.860245
1.479274 0.671587
0.803444 0.301258
1.360697 0.458862
1.482133 0.897367
1.688055 0.705734
1.450705 0.927492
1.183006 0.884242
1.598265 0.141314
1.547066 0.967422
0.731252 0.818806
1.706091 0.828439
1.649951 0.857877
1.347287 0.255636
1.718242 0.022565
0.592243 0.264019
1.239376 0.304443
0.968851 0.327649
0.977624 0.555433
0.932683 0.419677
1.420983 0.587062
1.325394 0.547914
1.549174 0.929456
1.373605 0.321915
1.042560 0.603811
0.612228 0.489703
1.404075 0.959190
1.765468 0.222599
0.474853 0.244997
1.519788 0.063191
1.100585 0.046198
1.613885 0.663891
0.545991 0.738709
0.487835 0.177402
1.023477 0.536610
1.408439 0.637003
1.561195 0.572491
0.680244 0.673276
1.197694 0.468047
0.547559 0.686187
0.993008 0.451937
1.538145 0.862084
1.297040 0.595625
0.684615 0.042968
1.104239 0.460394
0.907408 0.624861
1.358524 0.465788
1.478310 0.053460
1.153932 0.311060
0.961584 0.057729
0.831295 0.194201
0.772604 0.440728
0.913010 0.506256
1.407638 0.525492
1.726727 0.267747
1.427715 0.144974
0.897675 0.324240
1.362090 0.410802
1.330984 0.628293
1.642768 0.908332
1.539464 0.035940
0.959606 0.383922
1.693005 0.866452
1.652557 0.134487
1.000251 0.842739
1.656414 0.935502
0.730078 0.425341
1.611122 0.545686
0.689080 0.966017
1.412065 0.932158
1.098227 0.950037
1.026202 0.840477
1.004442 0.254953
1.506475 0.252827
0.549670 0.169341
0.914414 0.061066
0.916184 0.729381
0.910315 0.470588
1.426607 0.111268
1.010297 0.826261
1.099708 0.871665
1.704347 0.137560
1.616886 0.613936
1.694954 0.609156
1.689484 0.614523
1.393516 0.742954
0.821758 0.026170
1.056902 0.161393
1.724488 0.975247
1.743319 0.815531
0.846559 0.946763
1.387312 0.974857
0.802392 0.822909
1.580765 0.532824
0.674893 0.768750
1.270279 0.804651
1.260293 0.051935
1.528521 0.744488
0.887571 0.993717
0.835267 0.991333
0.690195 0.132628
0.561705 0.032083
1.332529 0.736336
0.891368 0.816773
1.593548 0.666906
1.273760 0.212610
1.525747 0.723403
1.423494 0.895755
0.728724 0.575549
0.600341 0.726527
1.139253 0.647709
1.059334 0.696160
1.499943 0.106583
1.155742 0.204053
1.285711 0.266119
1.334062 0.333715
1.303094 0.945578
0.849891 0.025058
1.561686 0.156821
0.508044 0.232822
1.452447 0.350809
1.097123 0.402903
0.840593 0.709923
0.758214 0.905379
1.644787 0.393687
0.614655 0.892154
0.921941 0.679223
1.701124 0.466703
0.655101 0.667757
1.110123 0.273421
1.052386 0.290723
1.694396 0.138276
0.641244 0.188679
1.146174 0.740281
0.908131 0.353426
0.597374 0.800101
1.129846 0.925726
1.660209 0.743889
0.784814 0.936488
0.756136 0.175127
0.587804 0.528255
1.011239 0.786652
1.523505 0.598601
1.619368 0.733026
1.008812 0.233874
0.842819 0.259637
0.987502 0.524468
1.469635 0.938302
0.796466 0.145113
0.945460 0.065600
0.935908 0.795342
0.543240 0.019628
1.629343 0.688370
1.530538 0.198473
1.318502 0.235872
0.639550 0.783069
0.590563 0.910521
1.340786 0.526968
1.300993 0.722847
0.838801 0.462158
0.491475 0.055697
1.732838 0.114734
0.718513 0.013003
1.244202 0.043128
1.221015 0.573363
0.581368 0.806368
1.345514 0.965892
1.731234 0.977648
1.639797 0.362031
0.784067 0.453742
1.355138 0.655999
0.920602 0.272154
1.142046 0.847105
1.356633 0.916329
1.631127 0.313596
1.117321 0.195644
1.276447 0.279017
1.074650 0.578708
1.330245 0.550431
1.167640 0.459003
0.995740 0.511995
1.150484 0.332896
0.661274 0.064510
1.403928 0.395945
1.039383 0.416513
0.777357 0.870225
0.531386 0.343296
0.760698 0.146959
0.545642 0.443783
0.713998 0.263911
0.567411 0.016504
1.003061 0.237076
1.158282 0.636467
0.868567 0.887833
0.708626 0.227744
1.475752 0.954467
0.671825 0.420400
0.565909 0.689063
1.018371 0.352432
1.488927 0.626990
0.785987 0.553255
1.322768 0.483845
0.742851 0.823903
1.651538 0.359926
0.626075 0.018722
1.703224 0.600443
0.514363 0.770591
1.685850 0.533112
0.942080 0.552993
1.445599 0.399254
1.602737 0.639356
0.518099 0.680102
1.012408 0.558623
1.708385 0.665024
1.202564 0.118197
0.851451 0.632386
0.978447 0.684251
1.316793 0.067216
0.829020 0.358300
0.642395 0.687224
0.741129 0.782664
0.565218 0.661058
1.589069 0.695682
1.671731 0.291936
0.521666 0.906976
1.323549 0.784623
1.038310 0.785575
1.363813 0.601074
0.510875 0.674435
1.460883 0.576509
1.047641 0.434666
0.782084 0.606009
0.569661 0.230788
1.601455 0.242717
0.484007 0.099481
1.305434 0.913638
0.855286 0.084796
1.081905 0.724430
1.240633 0.100939
1.476339 0.963101
1.607790 0.638371
1.005651 0.793358
1.172363 0.693128
1.646321 0.380196
0.894329 0.351813
1.666046 0.876020
1.162256 0.569581
0.528265 0.515108
1.299001 0.774803
1.668168 0.611181
1.006109 0.658348
0.686043 0.020917
1.483470 0.389406
1.031266 0.953007
0.602910 0.549615
1.603757 0.485874
1.578743 0.105893
1.338705 0.276879
0.551883 0.841654
0.819646 0.257664
0.516435 0.476163
1.394073 0.708784
1.327697 0.246527
0.930120 0.482982
0.890303 0.238208
1.557254 0.049193
1.312936 0.115608
1.218500 0.563645
0.814885 0.520390
0.865982 0.839052
1.706662 0.918868
1.537073 0.531509
1.169793 0.152605
1.135938 0.944418
1.171604 0.757122
1.398352 0.514358
0.601047 0.329056
0.893014 0.168848
1.711061 0.442761
1.771946 0.217003
1.748601 0.873433
1.096165 0.833537
1.604991 0.589879
0.973302 0.033599
1.623715 0.314171
1.751589 0.992128
0.654338 0.082713
0.732873 0.937956
0.931296 0.340900
0.801186 0.413634
0.635955 0.969953
0.687498 0.642819
1.089712 0.108279
1.209452 0.495867
0.966321 0.349188
1.417041 0.741782
1.318976 0.176752
1.299926 0.167352
1.021455 0.621243
1.121926 0.294780
0.707694 0.014195
0.619804 0.849490
1.259271 0.038726
1.772176 0.958227
1.178907 0.863482
1.718813 0.159101
1.019314 0.280240
1.583009 0.608453
0.527640 0.355980
1.595343 0.922630
1.647879 0.796550
1.581562 0.166397
1.748526 0.868930
0.534282 0.984291
1.491892 0.089401
0.575787 0.091933
1.120754 0.949214
1.026775 0.854561
1.544972 0.317619
1.543047 0.853376
1.205021 0.282848
1.766604 0.534849
0.493554 0.957652
0.766820 0.191692
0.923478 0.888143
1.696295 0.269024
0.670994 0.618658
0.934035 0.031890
1.263603 0.071760
1.265148 0.427847
1.683437 0.530304
1.415034 0.173800
0.498234 0.672922
0.617243 0.518831
0.792990 0.076324
1.072122 0.979822
0.831933 0.356678
1.271705 0.185333
0.734084 0.335483
0.470820 0.942805
1.042168 0.056818
0.845472 0.239060
1.776293 0.523372
1.206952 0.648868
1.562668 0.890089
1.682445 0.574425
1.354249 0.436160
0.750886 0.129459
1.761352 0.083165
1.189860 0.911968
1.486280 0.201467
1.714766 0.015096
1.357742 0.701426
1.363058 0.066028
0.628760 0.577965
1.457079 0.226021
1.086949 0.361280
1.698449 0.310115
1.231032 0.717115
0.523725 0.766990
0.901459 0.981049
1.080523 0.921911
1.447015 0.344151
0.873265 0.788300
1.527366 0.641332
0.739093 0.597388
0.686486 0.512196
0.669416 0.021549
1.489610 0.773670
1.739410 0.154554
1.540444 0.832790
0.883323 0.007169
0.645204 0.331251
0.539341 0.433483
1.516260 0.405409
1.123384 0.000986
1.246897 0.985018
0.745869 0.125009
0.795140 0.692815
0.665472 0.112589
0.854227 0.640321
1.374695 0.371148
0.748234 0.683447
0.472581 0.986999
1.676978 0.616543
0.743811 0.629665
0.875799 0.403897
0.861020 0.028615
0.999202 0.431615
1.739187 0.278732
1.255061 0.537223
0.991925 0.287639
1.201919 0.907967
0.497092 0.681442
1.102197 0.005238
0.955851 0.824350
1.690052 0.716985
1.169045 0.366102
1.511208 0.719022
1.487080 0.088682
1.050874 0.385883
1.565961 0.197489
1.040434 0.157784
1.480991 0.924392
1.384049 0.009597
1.173519 0.150856
1.060091 0.104739
1.190736 0.508672
1.225056 0.073187
1.607037 0.094211
0.904565 0.891043
0.540481 0.218655
1.224196 0.727065
0.532262 0.002513
0.943811 0.781536
1.512177 0.171773
1.186800 0.439980
0.556309 0.753668
1.063194 0.203013
1.278534 0.488539
1.303751 0.499601
0.480673 0.103801
1.152887 0.102933
1.069064 0.983362
1.386145 0.253305
0.515316 0.669607
1.388998 0.229026
1.564661 0.557291
0.941438 0.136897
0.648295 0.214800
0.541218 0.498965
1.744903 0.819256
1.367411 0.660892
0.721270 0.627784
1.250867 0.755207
0.790761 0.851200
0.828470 0.190953
1.536016 0.221850
1.083431 0.675949
1.778544 0.914276
0.596877 0.703920
1.077162 0.398633
1.426171 0.867931
0.580237 0.338860
1.717079 0.131138
0.797637 0.751417
1.194200 0.209920
0.663034 0.711760
0.512582 0.306964
0.710016 0.292327
1.410071 0.855637
0.606558 0.813392
0.805112 0.754773
1.473461 0.923534
1.078215 0.697512
0.982522 0.245097
1.391321 0.240493
0.951803 0.787171
1.365059 0.208623
1.626101 0.011893
0.986189 0.437178
1.325732 0.772889
1.194692 0.248840
1.662847 0.086774
1.453468 0.323973
0.613678 0.347446
1.370321 0.939953
1.261508 0.926159
0.861883 0.522729
0.578411 0.872402
0.608817 0.919193
1.433801 0.044856
0.582840 0.670953
1.463957 0.728909
0.879304 0.844004
1.055571 0.372650
0.717522 0.449101
1.458396 0.825091
1.757868 0.202882
1.014323 0.155997
1.551711 0.435746
0.889038 0.651290
0.657776 0.447637
1.773916 0.920727
0.622002 0.392493
1.390866 0.931354
1.275127 0.612754
0.763791 0.564376
0.886484 0.320096
1.030025 0.502440
1.257148 0.319122
1.307426 0.712153
0.584586 0.277065
0.611081 0.584809
1.442849 0.379843
0.534061 0.996842
1.417806 0.220755
1.743465 0.480663
1.252425 0.843575
1.710216 0.376188
0.774784 0.128659
1.165131 0.052752
1.160025 0.422836
1.558212 0.369694
1.584539 0.004280
1.248788 0.404883
1.215014 0.493297
0.636497 0.107907
1.699723 0.286775
0.477997 0.799849
0.697668 0.615789
0.878393 0.183438
0.994074 0.250951
1.309512 0.964151
1.642166 0.885069
1.613078 0.656191
1.236141 0.504720
0.813758 0.490988
0.749642 0.012405
1.127689 0.236165
1.534628 0.034309
0.476288 0.732417
1.775980 0.560804
1.502027 0.001436
0.768208 0.179739
0.780401 0.174490
1.075266 0.260062
0.747516 0.538062
1.505733 0.973284
0.781556 0.875047
0.674195 0.846885
1.160838 0.062657
0.928550 0.837426
0.812643 0.307200
0.651434 0.731522
1.067015 0.224060
1.117014 0.735524
1.064715 0.363102
1.226927 0.060664
1.576729 0.947229
1.284327 0.164773
1.586459 0.912003
1.147594 0.448298
1.109062 0.045410
0.825189 0.760090
0.563805 0.505171
1.094679 0.752609
1.755727 0.889329
0.507012 0.605036
1.555656 0.856058
1.466483 0.859927
0.981505 0.158641
1.217196 0.990262
0.762548 0.810329
1.552336 0.418787
0.815841 0.792819
0.952364 0.334619
0.764934 0.070786
1.088381 0.163561
1.103200 0.384931
0.963294 0.432323
1.658897 0.027272
1.432469 0.430067
0.711920 0.604796
0.666962 0.749279
0.856781 0.123628
1.379356 0.881105
0.741521 0.215362
1.456207 0.261818
0.957262 0.583409
0.989916 0.571004
1.204035 0.494597
1.681533 0.341100
0.621643 0.373612
1.542506 0.455019
0.630292 0.917061
1.590108 0.869849
1.713665 0.565553
1.200294 0.877429
1.352852 0.643168
1.166333 0.464876
0.667894 0.467087
0.874498 0.933599
1.609991 0.148476
1.309826 0.654958
0.876175 0.315125
0.573474 0.817318
0.627894 0.503722
0.618314 0.678541
0.616093 0.374430
0.918957 0.590450
1.366305 0.295626
1.084396 0.364127
1.449080 0.652650
1.640072 0.147445
1.291063 0.390557
1.183952 0.496601
1.504617 0.365073
1.665315 0.268497
0.505476 0.288658
1.295938 0.636000
1.126071 0.746984
1.498398 0.303635
1.595100 0.548452
1.182446 0.955240
0.554991 0.599188
0.695125 0.834085
1.329025 0.206726
0.833254 0.704626
1.635930 0.980610
0.881339 0.030710
0.494388 0.780864
1.036680 0.309966
0.704258 0.456213
0.520203 0.394041
1.385359 0.540300
1.591679 0.971548
1.629956 0.397055
1.253783 0.003093
0.823785 0.339840
0.486461 0.789823
1.272347 0.513557
1.566923 0.454854
1.157600 0.328055
1.701612 0.391222
1.441535 0.879998
0.503349 0.289456
0.788653 0.265336
1.519144 0.623575
1.149439 0.779013
1.621202 0.017348
0.905675 0.438378
1.497460 0.831529
1.092157 0.698669
0.953936 0.517725
1.513855 0.325185
1.017237 0.457951
1.514746 0.554123
1.377201 0.116526
1.289674 0.126858
1.070057 0.797596
1.144952 0.293467
0.808044 0.040164
0.484633 0.650311
1.438180 0.820071
0.643621 0.360211
1.532681 0.200530
1.087547 0.720381
1.670283 0.196761
1.223010 0.095126
0.479258 0.274993
1.295083 0.414601
0.482401 0.586385
1.114911 0.976035
1.266942 0.602676
1.647598 0.883338
1.746227 0.479364
1.306977 0.702015
0.865434 0.210986
0.544082 0.251993
1.674512 0.151337
1.679631 0.234574
1.526943 0.472712
0.903013 0.308282
1.469344 0.682812
1.584977 0.882374
1.045643 0.411943
1.245634 0.401053
0.794297 0.041205
1.522628 0.570095
1.163317 0.275300
1.207922 0.764539
1.369188 0.592905
1.677871 0.342583
1.133764 0.694303
0.848391 0.029528
0.510163 0.893575
0.499991 0.068922
1.573584 0.802023
1.376000 0.807826
0.826847 0.998014
1.338116 0.305697
0.922291 0.008280
0.996685 0.297490
1.344120 0.330943
1.132424 0.078398
1.406204 0.771469
1.130438 0.591466
1.692185 0.096931
0.791110 0.461378
0.727749 0.900627
1.044095 0.625452
0.769236 0.756809
0.705082 0.424661
0.664604 0.668904
1.754370 0.777541
1.491060 0.386953
1.119193 0.633255
1.430161 0.878724
1.577209 0.556193
1.424483 0.162897
0.594654 0.535807
1.763128 0.471554
0.605326 0.075457
0.884668 0.312016
1.729053 0.142110
0.496094 0.143944
0.489690 0.610113
0.924798 0.808631
1.286866 0.582217
1.721720 0.069938
0.957462 0.407831
1.371884 0.521111
1.622268 0.037978
1.725394 0.830856
1.572242 0.713148
0.911655 0.223330
1.287558 0.450307
0.504912 0.821984
1.767497 0.452943
1.720364 0.409566
1.237504 0.519012
0.871702 0.024524
1.113195 0.691674
1.016021 0.139851
1.531127 0.079899
1.759830 0.121047
0.693056 0.567985
0.881667 0.699140
1.151334 0.469602
1.653764 0.039764
1.234510 0.568635
1.440297 0.594844
0.822579 0.189294
1.750377 0.812337
1.210836 0.302367
1.419153 0.187541
0.558602 0.377690
1.395608 0.762643
1.382731 0.023696
0.807934 0.421985
1.022468 0.901099
0.638903 0.199314
1.268429 0.769155
0.910003 0.930832
0.850723 0.322190
0.757389 0.256187
1.627209 0.579132
0.678939 0.247298
0.811425 0.995810
1.349811 0.122285
1.277224 0.271517
1.054361 0.072159
1.421932 0.943245
0.970311 0.133249
1.661008 0.387537
1.553550 0.630603
1.378778 0.326146
1.066009 0.367228
0.926126 0.848929
0.787630 0.566186
0.927745 0.077999
0.609389 0.101245
0.809661 0.649902
1.127163 0.444560
1.722794 0.710940
0.870604 0.750012
0.706951 0.662503
0.980560 0.798069
0.984858 0.368095
0.660688 0.664294
0.715202 0.140930
1.188973 0.951042
0.588216 0.730476
1.453968 0.805942
0.960739 0.874570
0.553414 0.994982
1.314205 0.497508
1.237868 0.426995
1.443474 0.406541
1.140431 0.135300
0.646833 0.090372
1.615333 0.745009
0.647336 0.952804
1.227909 0.382649
0.720204 0.543144
0.537162 0.378823
